PAWN						S_PAWN						KNIGHT						S_KNIGHT					
Low sword	1	15	0.2	11	2000	Low sword	1	15	0.26	11	1538	Low sword	1	15	0.3	11	1333	Low sword	1	15	0.5	11	800
	1	15	0.1	12	4000		1	15	0.13	12	3077		1	15	0.15	12	2667		1	15	0.25	12	1600
	1	15	0.4	20	1000		1	15	0.52	20	769		1	15	0.6	20	667		1	15	1	20	400
	1	15	0.2	21	2000		1	15	0.26	21	1538		1	15	0.3	21	1333		1	15	0.5	21	800
	1	15	0.1	22	4000		1	15	0.13	22	3077		1	15	0.15	22	2667		1	15	0.25	22	1600
	1	15	0.4	30	1000		1	15	0.52	30	769		1	15	0.6	30	667		1	15	1	30	400
	1	15	0.2	31	2000		1	15	0.26	31	1538		1	15	0.3	31	1333		1	15	0.5	31	800
	1	15	0.1	32	4000		1	15	0.13	32	3077		1	15	0.15	32	2667		1	15	0.25	32	1600
	5	15	0.4	40	1000		5	15	0.52	40	769		5	15	0.6	40	667		5	15	1	40	400
	5	15	0.2	41	2000		5	15	0.26	41	1538		5	15	0.3	41	1333		5	15	0.5	41	800
	5	15	0.1	42	4000		5	15	0.13	42	3077		5	15	0.15	42	2667		5	15	0.25	42	1600
	5	15	0.2	50	2000		5	15	0.26	50	1538		5	15	0.3	50	1333		5	15	0.5	50	800
	5	15	0.1	51	4000		5	15	0.13	51	3077		5	15	0.15	51	2667		5	15	0.25	51	1600
	5	15	0.04	52	10000		5	15	0.052	52	7692		5	15	0.06	52	6667		5	15	0.1	52	4000
Low Daggers	1	15	0.4	3000	1000	Low Daggers	1	15	0.52	3000	769	Low Daggers	1	15	0.6	3000	667	Low Daggers	1	15	1	3000	400
	1	15	0.2	3001	2000		1	15	0.26	3001	1538		1	15	0.3	3001	1333		1	15	0.5	3001	800
	1	15	0.1	3002	4000		1	15	0.13	3002	3077		1	15	0.15	3002	2667		1	15	0.25	3002	1600
	1	15	0.4	3010	1000		1	15	0.52	3010	769		1	15	0.6	3010	667		1	15	1	3010	400
	1	15	0.2	3011	2000		1	15	0.26	3011	1538		1	15	0.3	3011	1333		1	15	0.5	3011	800
	1	15	0.1	3012	4000		1	15	0.13	3012	3077		1	15	0.15	3012	2667		1	15	0.25	3012	1600
	1	15	0.4	3020	1000		1	15	0.52	3020	769		1	15	0.6	3020	667		1	15	1	3020	400
	1	15	0.2	3021	2000		1	15	0.26	3021	1538		1	15	0.3	3021	1333		1	15	0.5	3021	800
	1	15	0.1	3022	4000		1	15	0.13	3022	3077		1	15	0.15	3022	2667		1	15	0.25	3022	1600
	5	15	0.4	3030	1000		5	15	0.52	3030	769		5	15	0.6	3030	667		5	15	1	3030	400
	5	15	0.2	3031	2000		5	15	0.26	3031	1538		5	15	0.3	3031	1333		5	15	0.5	3031	800
	5	15	0.1	3032	4000		5	15	0.13	3032	3077		5	15	0.15	3032	2667		5	15	0.25	3032	1600
	5	15	0.2	3040	2000		5	15	0.26	3040	1538		5	15	0.3	3040	1333		5	15	0.5	3040	800
	5	15	0.1	3041	4000		5	15	0.13	3041	3077		5	15	0.15	3041	2667		5	15	0.25	3041	1600
	5	15	0.04	3042	10000		5	15	0.052	3042	7692		5	15	0.06	3042	6667		5	15	0.1	3042	4000
Low Two-handed Sword	1	15	0.2	1001	2000	Low Two-handed Sword	1	15	0.26	1001	1538	Low Two-handed Sword	1	15	0.3	1001	1333	Low Two-handed Sword	1	15	0.5	1001	800
	1	15	0.1	1002	4000		1	15	0.13	1002	3077		1	15	0.15	1002	2667		1	15	0.25	1002	1600
	1	15	0.4	4000	1000		1	15	0.52	4000	769		1	15	0.6	4000	667		1	15	1	4000	400
	1	15	0.2	4001	2000		1	15	0.26	4001	1538		1	15	0.3	4001	1333		1	15	0.5	4001	800
	1	15	0.1	4002	4000		1	15	0.13	4002	3077		1	15	0.15	4002	2667		1	15	0.25	4002	1600
	1	15	0.4	1010	1000		1	15	0.52	1010	769		1	15	0.6	1010	667		1	15	1	1010	400
	1	15	0.2	1011	2000		1	15	0.26	1011	1538		1	15	0.3	1011	1333		1	15	0.5	1011	800
	1	15	0.1	1012	4000		1	15	0.13	1012	3077		1	15	0.15	1012	2667		1	15	0.25	1012	1600
	5	15	0.4	4010	1000		5	15	0.52	4010	769		5	15	0.6	4010	667		5	15	1	4010	400
	5	15	0.2	4011	2000		5	15	0.26	4011	1538		5	15	0.3	4011	1333		5	15	0.5	4011	800
	5	15	0.1	4012	4000		5	15	0.13	4012	3077		5	15	0.15	4012	2667		5	15	0.25	4012	1600
	5	15	0.2	1020	2000		5	15	0.26	1020	1538		5	15	0.3	1020	1333		5	15	0.5	1020	800
	5	15	0.1	1021	4000		5	15	0.13	1021	3077		5	15	0.15	1021	2667		5	15	0.25	1021	1600
	5	15	0.04	1022	10000		5	15	0.052	1022	7692		5	15	0.06	1022	6667		5	15	0.1	1022	4000
Low Bow	1	15	0.4	2000	1000	Low Bow	1	15	0.52	2000	769	Low Bow	1	15	0.6	2000	667	Low Bow	1	15	1	2000	400
	1	15	0.2	2001	2000		1	15	0.26	2001	1538		1	15	0.3	2001	1333		1	15	0.5	2001	800
	1	15	0.1	2002	4000		1	15	0.13	2002	3077		1	15	0.15	2002	2667		1	15	0.25	2002	1600
	1	15	0.4	2010	1000		1	15	0.52	2010	769		1	15	0.6	2010	667		1	15	1	2010	400
	1	15	0.2	2011	2000		1	15	0.26	2011	1538		1	15	0.3	2011	1333		1	15	0.5	2011	800
	1	15	0.1	2012	4000		1	15	0.13	2012	3077		1	15	0.15	2012	2667		1	15	0.25	2012	1600
	1	15	0.4	2020	1000		1	15	0.52	2020	769		1	15	0.6	2020	667		1	15	1	2020	400
	1	15	0.2	2021	2000		1	15	0.26	2021	1538		1	15	0.3	2021	1333		1	15	0.5	2021	800
	1	15	0.1	2022	4000		1	15	0.13	2022	3077		1	15	0.15	2022	2667		1	15	0.25	2022	1600
	5	15	0.4	2030	1000		5	15	0.52	2030	769		5	15	0.6	2030	667		5	15	1	2030	400
	5	15	0.2	2031	2000		5	15	0.26	2031	1538		5	15	0.3	2031	1333		5	15	0.5	2031	800
	5	15	0.1	2032	4000		5	15	0.13	2032	3077		5	15	0.15	2032	2667		5	15	0.25	2032	1600
	5	15	0.2	2040	2000		5	15	0.26	2040	1538		5	15	0.3	2040	1333		5	15	0.5	2040	800
	5	15	0.1	2041	4000		5	15	0.13	2041	3077		5	15	0.15	2041	2667		5	15	0.25	2041	1600
	5	15	0.04	2042	10000		5	15	0.052	2042	7692		5	15	0.06	2042	6667		5	15	0.1	2042	4000
Low Bell	1	15	0.4	5000	1000	Low Bell	1	15	0.52	5000	769	Low Bell	1	15	0.6	5000	667	Low Bell	1	15	1	5000	400
	1	15	0.2	5001	2000		1	15	0.26	5001	1538		1	15	0.3	5001	1333		1	15	0.5	5001	800
	1	15	0.1	5002	4000		1	15	0.13	5002	3077		1	15	0.15	5002	2667		1	15	0.25	5002	1600
	1	15	0.4	5010	1000		1	15	0.52	5010	769		1	15	0.6	5010	667		1	15	1	5010	400
	1	15	0.2	5011	2000		1	15	0.26	5011	1538		1	15	0.3	5011	1333		1	15	0.5	5011	800
	1	15	0.1	5012	4000		1	15	0.13	5012	3077		1	15	0.15	5012	2667		1	15	0.25	5012	1600
	5	15	0.2	5020	2000		5	15	0.26	5020	1538		5	15	0.3	5020	1333		5	15	0.5	5020	800
	5	15	0.1	5021	4000		5	15	0.13	5021	3077		5	15	0.15	5021	2667		5	15	0.25	5021	1600
	5	15	0.04	5022	10000		5	15	0.052	5022	7692		5	15	0.06	5022	6667		5	15	0.1	5022	4000
Low Fan	1	15	0.2	7001	2000	Low Fan	1	15	0.26	7001	1538	Low Fan	1	15	0.3	7001	1333	Low Fan	1	15	0.5	7001	800
	1	15	0.1	7002	4000		1	15	0.13	7002	3077		1	15	0.15	7002	2667		1	15	0.25	7002	1600
	1	15	0.4	7010	1000		1	15	0.52	7010	769		1	15	0.6	7010	667		1	15	1	7010	400
	1	15	0.2	7011	2000		1	15	0.26	7011	1538		1	15	0.3	7011	1333		1	15	0.5	7011	800
	1	15	0.1	7012	4000		1	15	0.13	7012	3077		1	15	0.15	7012	2667		1	15	0.25	7012	1600
	1	15	0.4	7020	1000		1	15	0.52	7020	769		1	15	0.6	7020	667		1	15	1	7020	400
	1	15	0.2	7021	2000		1	15	0.26	7021	1538		1	15	0.3	7021	1333		1	15	0.5	7021	800
	1	15	0.1	7022	4000		1	15	0.13	7022	3077		1	15	0.15	7022	2667		1	15	0.25	7022	1600
	1	15	0.4	7030	1000		1	15	0.52	7030	769		1	15	0.6	7030	667		1	15	1	7030	400
	1	15	0.2	7031	2000		1	15	0.26	7031	1538		1	15	0.3	7031	1333		1	15	0.5	7031	800
	1	15	0.1	7032	4000		1	15	0.13	7032	3077		1	15	0.15	7032	2667		1	15	0.25	7032	1600
	5	15	0.2	7040	2000		5	15	0.26	7040	1538		5	15	0.3	7040	1333		5	15	0.5	7040	800
	5	15	0.1	7041	4000		5	15	0.13	7041	3077		5	15	0.15	7041	2667		5	15	0.25	7041	1600
	5	15	0.04	7042	10000		5	15	0.052	7042	7692		5	15	0.06	7042	6667		5	15	0.1	7042	4000
Low Warrior armor	1	15	0.2	11200	2000	Low Warrior armor	1	15	0.26	11200	1538	Low Warrior armor	1	15	0.3	11200	1333	Low Warrior armor	1	15	0.5	11200	800
	1	15	0.08	11201	5000		1	15	0.104	11201	3846		1	15	0.12	11201	3333		1	15	0.2	11201	2000
	1	15	0.032	11202	12500		1	15	0.0416	11202	9615		1	15	0.048	11202	8333		1	15	0.08	11202	5000
	5	15	0.2	11210	2000		5	15	0.26	11210	1538		5	15	0.3	11210	1333		5	15	0.5	11210	800
	5	15	0.08	11211	5000		5	15	0.104	11211	3846		5	15	0.12	11211	3333		5	15	0.2	11211	2000
	5	15	0.032	11212	12500		5	15	0.0416	11212	9615		5	15	0.048	11212	8333		5	15	0.08	11212	5000
	10	20	0.2	11220	2000		10	20	0.26	11220	1538		10	20	0.3	11220	1333		10	20	0.5	11220	800
	10	20	0.08	11221	5000		10	20	0.104	11221	3846		10	20	0.12	11221	3333		10	20	0.2	11221	2000
	10	20	0.032	11222	12500		10	20	0.0416	11222	9615		10	20	0.048	11222	8333		10	20	0.08	11222	5000
Low Ninja armor	1	15	0.2	11400	2000	Low Ninja armor	1	15	0.26	11400	1538	Low Ninja armor	1	15	0.3	11400	1333	Low Ninja armor	1	15	0.5	11400	800
	1	15	0.08	11401	5000		1	15	0.104	11401	3846		1	15	0.12	11401	3333		1	15	0.2	11401	2000
	1	15	0.032	11402	12500		1	15	0.0416	11402	9615		1	15	0.048	11402	8333		1	15	0.08	11402	5000
	5	15	0.2	11410	2000		5	15	0.26	11410	1538		5	15	0.3	11410	1333		5	15	0.5	11410	800
	5	15	0.08	11411	5000		5	15	0.104	11411	3846		5	15	0.12	11411	3333		5	15	0.2	11411	2000
	5	15	0.032	11412	12500		5	15	0.0416	11412	9615		5	15	0.048	11412	8333		5	15	0.08	11412	5000
	10	20	0.2	11420	2000		10	20	0.26	11420	1538		10	20	0.3	11420	1333		10	20	0.5	11420	800
	10	20	0.08	11421	5000		10	20	0.104	11421	3846		10	20	0.12	11421	3333		10	20	0.2	11421	2000
	10	20	0.032	11422	12500		10	20	0.0416	11422	9615		10	20	0.048	11422	8333		10	20	0.08	11422	5000
Low Sura armor	1	15	0.2	11600	2000	Low Sura armor	1	15	0.26	11600	1538	Low Sura armor	1	15	0.3	11600	1333	Low Low Sura armor	1	15	0.5	11600	800
	1	15	0.08	11601	5000		1	15	0.104	11601	3846		1	15	0.12	11601	3333		1	15	0.2	11601	2000
	1	15	0.032	11602	12500		1	15	0.0416	11602	9615		1	15	0.048	11602	8333		1	15	0.08	11602	5000
	5	15	0.2	11610	2000		5	15	0.26	11610	1538		5	15	0.3	11610	1333		5	15	0.5	11610	800
	5	15	0.08	11611	5000		5	15	0.104	11611	3846		5	15	0.12	11611	3333		5	15	0.2	11611	2000
	5	15	0.032	11612	12500		5	15	0.0416	11612	9615		5	15	0.048	11612	8333		5	15	0.08	11612	5000
	10	20	0.2	11620	2000		10	20	0.26	11620	1538		10	20	0.3	11620	1333		10	20	0.5	11620	800
	10	20	0.08	11621	5000		10	20	0.104	11621	3846		10	20	0.12	11621	3333		10	20	0.2	11621	2000
	10	20	0.032	11622	12500		10	20	0.0416	11622	9615		10	20	0.048	11622	8333		10	20	0.08	11622	5000
Low Shaman armor	1	15	0.2	11800	2000	Low Shaman armor	1	15	0.26	11800	1538	Low Shaman armor	1	15	0.3	11800	1333	Low Shaman armor	1	15	0.5	11800	800
	1	15	0.08	11801	5000		1	15	0.104	11801	3846		1	15	0.12	11801	3333		1	15	0.2	11801	2000
	1	15	0.032	11802	12500		1	15	0.0416	11802	9615		1	15	0.048	11802	8333		1	15	0.08	11802	5000
	5	15	0.2	11810	2000		5	15	0.26	11810	1538		5	15	0.3	11810	1333		5	15	0.5	11810	800
	5	15	0.08	11811	5000		5	15	0.104	11811	3846		5	15	0.12	11811	3333		5	15	0.2	11811	2000
	5	15	0.032	11812	12500		5	15	0.0416	11812	9615		5	15	0.048	11812	8333		5	15	0.08	11812	5000
	10	20	0.2	11820	2000		10	20	0.26	11820	1538		10	20	0.3	11820	1333		10	20	0.5	11820	800
	10	20	0.08	11821	5000		10	20	0.104	11821	3846		10	20	0.12	11821	3333		10	20	0.2	11821	2000
	10	20	0.032	11822	12500		10	20	0.0416	11822	9615		10	20	0.048	11822	8333		10	20	0.08	11822	5000
Low Bracelet	5	20	0.0018	14000	222222	Low Bracelet	5	20	0.00312	14000	128205	Low Bracelet	5	20	0.0036	14000	111111	Low Bracelet	5	20	0.006	14000	66667
	5	20	0.00036	14001	1111111		5	20	0.000624	14001	641026		5	20	0.00072	14001	555556		5	20	0.0012	14001	333333
	5	20	0.00012	14002	3333333		5	20	0.000208	14002	1923077		5	20	0.00024	14002	1666667		5	20	0.0004	14002	1000000
	5	20	0.0018	14020	222222		5	20	0.00312	14020	128205		5	20	0.0036	14020	111111		5	20	0.006	14020	66667
	5	20	0.00036	14021	1111111		5	20	0.000624	14021	641026		5	20	0.00072	14021	555556		5	20	0.0012	14021	333333
	5	20	0.00012	14022	3333333		5	20	0.000208	14022	1923077		5	20	0.00024	14022	1666667		5	20	0.0004	14022	1000000
	5	20	0.0018	14040	222222		5	20	0.00312	14040	128205		5	20	0.0036	14040	111111		5	20	0.006	14040	66667
	5	20	0.00036	14041	1111111		5	20	0.000624	14041	641026		5	20	0.00072	14041	555556		5	20	0.0012	14041	333333
	5	20	0.00012	14042	3333333		5	20	0.000208	14042	1923077		5	20	0.00024	14042	1666667		5	20	0.0004	14042	1000000
	5	20	0.0018	14060	222222		5	20	0.00312	14060	128205		5	20	0.0036	14060	111111		5	20	0.006	14060	66667
	5	20	0.00036	14061	1111111		5	20	0.000624	14061	641026		5	20	0.00072	14061	555556		5	20	0.0012	14061	333333
	5	20	0.00012	14062	3333333		5	20	0.000208	14062	1923077		5	20	0.00024	14062	1666667		5	20	0.0004	14062	1000000
Low Shoes	5	20	0.024	15000	16667	Low Shoes	5	20	0.0416	15000	9615	Low Shoes	5	20	0.048	15000	8333	Low Shoes	5	20	0.08	15000	5000
	5	20	0.004	15001	100000		5	20	0.006933333	15001	57692		5	20	0.008	15001	50000		5	20	0.013333333	15001	30000
	5	20	0.0012	15002	333333		5	20	0.00208	15002	192308		5	20	0.0024	15002	166667		5	20	0.004	15002	100000
	5	20	0.024	15020	16667		5	20	0.0416	15020	9615		5	20	0.048	15020	8333		5	20	0.08	15020	5000
	5	20	0.004	15021	100000		5	20	0.006933333	15021	57692		5	20	0.008	15021	50000		5	20	0.013333333	15021	30000
	5	20	0.0012	15022	333333		5	20	0.00208	15022	192308		5	20	0.0024	15022	166667		5	20	0.004	15022	100000
	5	20	0.006	15040	66667		5	20	0.0104	15040	38462		5	20	0.012	15040	33333		5	20	0.02	15040	20000
	5	20	0.0012	15041	333333		5	20	0.00208	15041	192308		5	20	0.0024	15041	166667		5	20	0.004	15041	100000
	5	20	0.0006	15042	666667		5	20	0.00104	15042	384615		5	20	0.0012	15042	333333		5	20	0.002	15042	200000
	5	20	0.006	15060	66667		5	20	0.0104	15060	38462		5	20	0.012	15060	33333		5	20	0.02	15060	20000
	5	20	0.0012	15061	333333		5	20	0.00208	15061	192308		5	20	0.0024	15061	166667		5	20	0.004	15061	100000
	5	20	0.0006	15062	666667		5	20	0.00104	15062	384615		5	20	0.0012	15062	333333		5	20	0.002	15062	200000
Low Earrings	5	20	0.024	17000	16667	Low Earrings	5	20	0.0416	17000	9615	Low Earrings	5	20	0.048	17000	8333	Low Earrings	5	20	0.08	17000	5000
	5	20	0.004	17001	100000		5	20	0.006933333	17001	57692		5	20	0.008	17001	50000		5	20	0.013333333	17001	30000
	5	20	0.0012	17002	333333		5	20	0.00208	17002	192308		5	20	0.0024	17002	166667		5	20	0.004	17002	100000
	5	20	0.024	17020	16667		5	20	0.0416	17020	9615		5	20	0.048	17020	8333		5	20	0.08	17020	5000
	5	20	0.004	17021	100000		5	20	0.006933333	17021	57692		5	20	0.008	17021	50000		5	20	0.013333333	17021	30000
	5	20	0.0012	17022	333333		5	20	0.00208	17022	192308		5	20	0.0024	17022	166667		5	20	0.004	17022	100000
	5	20	0.006	17040	66667		5	20	0.0104	17040	38462		5	20	0.012	17040	33333		5	20	0.02	17040	20000
	5	20	0.0012	17041	333333		5	20	0.00208	17041	192308		5	20	0.0024	17041	166667		5	20	0.004	17041	100000
	5	20	0.0006	17042	666667		5	20	0.00104	17042	384615		5	20	0.0012	17042	333333		5	20	0.002	17042	200000
	5	20	0.006	17060	66667		5	20	0.0104	17060	38462		5	20	0.012	17060	33333		5	20	0.02	17060	20000
	5	20	0.0012	17061	333333		5	20	0.00208	17061	192308		5	20	0.0024	17061	166667		5	20	0.004	17061	100000
	5	20	0.0006	17062	666667		5	20	0.00104	17062	384615		5	20	0.0012	17062	333333		5	20	0.002	17062	200000
Low Necklaces	5	20	0.024	16000	16667	Low Necklaces	5	20	0.0416	16000	9615	Low Necklaces	5	20	0.048	16000	8333	Low Necklaces	5	20	0.08	16000	5000
	5	20	0.004	16001	100000		5	20	0.006933333	16001	57692		5	20	0.008	16001	50000		5	20	0.013333333	16001	30000
	5	20	0.0012	16002	333333		5	20	0.00208	16002	192308		5	20	0.0024	16002	166667		5	20	0.004	16002	100000
	5	20	0.024	16020	16667		5	20	0.0416	16020	9615		5	20	0.048	16020	8333		5	20	0.08	16020	5000
	5	20	0.004	16021	100000		5	20	0.006933333	16021	57692		5	20	0.008	16021	50000		5	20	0.013333333	16021	30000
	5	20	0.0012	16022	333333		5	20	0.00208	16022	192308		5	20	0.0024	16022	166667		5	20	0.004	16022	100000
	5	20	0.006	16040	66667		5	20	0.0104	16040	38462		5	20	0.012	16040	33333		5	20	0.02	16040	20000
	5	20	0.0012	16041	333333		5	20	0.00208	16041	192308		5	20	0.0024	16041	166667		5	20	0.004	16041	100000
	5	20	0.0006	16042	666667		5	20	0.00104	16042	384615		5	20	0.0012	16042	333333		5	20	0.002	16042	200000
	5	20	0.006	16060	66667		5	20	0.0104	16060	38462		5	20	0.012	16060	33333		5	20	0.02	16060	20000
	5	20	0.0012	16061	333333		5	20	0.00208	16061	192308		5	20	0.0024	16061	166667		5	20	0.004	16061	100000
	5	20	0.0006	16062	666667		5	20	0.00104	16062	384615		5	20	0.0012	16062	333333		5	20	0.002	16062	200000
Intermediate sword	15	35	0.106666667	60	3750	Intermediate sword	15	35	0.104	60	3846	Intermediate sword	15	35	0.12	60	3333	Intermediate sword	15	35	0.16	60	2500
	15	35	0.032	61	12500		15	35	0.0312	61	12821		15	35	0.036	61	11111		15	35	0.048	61	8333
	15	35	0.016	62	25000		15	35	0.0156	62	25641		15	35	0.018	62	22222		15	35	0.024	62	16667
	20	35	0.106666667	70	3750		20	35	0.104	70	3846		20	35	0.12	70	3333		20	35	0.16	70	2500
	20	35	0.032	71	12500		20	35	0.0312	71	12821		20	35	0.036	71	11111		20	35	0.048	71	8333
	20	35	0.016	72	25000		20	35	0.0156	72	25641		20	35	0.018	72	22222		20	35	0.024	72	16667
	20	35	0.106666667	80	3750		20	35	0.104	80	3846		20	35	0.12	80	3333		20	35	0.16	80	2500
	20	35	0.032	81	12500		20	35	0.0312	81	12821		20	35	0.036	81	11111		20	35	0.048	81	8333
	20	35	0.016	82	25000		20	35	0.0156	82	25641		20	35	0.018	82	22222		20	35	0.024	82	16667
	20	35	0.106666667	90	3750		20	35	0.104	90	3846		20	35	0.12	90	3333		20	35	0.16	90	2500
	20	35	0.032	91	12500		20	35	0.0312	91	12821		20	35	0.036	91	11111		20	35	0.048	91	8333
	20	35	0.016	92	25000		20	35	0.0156	92	25641		20	35	0.018	92	22222		20	35	0.024	92	16667
Intermediate Daggers	15	35	0.106666667	4020	3750	Intermediate Daggers	15	35	0.104	4020	3846	Intermediate Daggers	15	35	0.12	4020	3333	Intermediate Daggers	15	35	0.16	4020	2500
	15	35	0.032	4021	12500		15	35	0.0312	4021	12821		15	35	0.036	4021	11111		15	35	0.048	4021	8333
	15	35	0.016	4022	25000		15	35	0.0156	4022	25641		15	35	0.018	4022	22222		15	35	0.024	4022	16667
	20	35	0.106666667	1030	3750		20	35	0.104	1030	3846		20	35	0.12	1030	3333		20	35	0.16	1030	2500
	20	35	0.032	1031	12500		20	35	0.0312	1031	12821		20	35	0.036	1031	11111		20	35	0.048	1031	8333
	20	35	0.016	1032	25000		20	35	0.0156	1032	25641		20	35	0.018	1032	22222		20	35	0.024	1032	16667
	20	35	0.106666667	1040	3750		20	35	0.104	1040	3846		20	35	0.12	1040	3333		20	35	0.16	1040	2500
	20	35	0.032	1041	12500		20	35	0.0312	1041	12821		20	35	0.036	1041	11111		20	35	0.048	1041	8333
	20	35	0.016	1042	25000		20	35	0.0156	1042	25641		20	35	0.018	1042	22222		20	35	0.024	1042	16667
	20	35	0.106666667	1050	3750		20	35	0.104	1050	3846		20	35	0.12	1050	3333		20	35	0.16	1050	2500
	20	35	0.032	1051	12500		20	35	0.0312	1051	12821		20	35	0.036	1051	11111		20	35	0.048	1051	8333
	20	35	0.016	1052	25000		20	35	0.0156	1052	25641		20	35	0.018	1052	22222		20	35	0.024	1052	16667
Intermediate Two-handed Sword	15	35	0.106666667	3050	3750	Intermediate Two-handed Sword	15	35	0.104	3050	3846	Intermediate Two-handed Sword	15	35	0.12	3050	3333	Intermediate Two-handed Sword	15	35	0.16	3050	2500
	15	35	0.032	3051	12500		15	35	0.0312	3051	12821		15	35	0.036	3051	11111		15	35	0.048	3051	8333
	15	35	0.016	3052	25000		15	35	0.0156	3052	25641		15	35	0.018	3052	22222		15	35	0.024	3052	16667
	20	35	0.106666667	3060	3750		20	35	0.104	3060	3846		20	35	0.12	3060	3333		20	35	0.16	3060	2500
	20	35	0.032	3061	12500		20	35	0.0312	3061	12821		20	35	0.036	3061	11111		20	35	0.048	3061	8333
	20	35	0.016	3062	25000		20	35	0.0156	3062	25641		20	35	0.018	3062	22222		20	35	0.024	3062	16667
	20	35	0.106666667	3070	3750		20	35	0.104	3070	3846		20	35	0.12	3070	3333		20	35	0.16	3070	2500
	20	35	0.032	3071	12500		20	35	0.0312	3071	12821		20	35	0.036	3071	11111		20	35	0.048	3071	8333
	20	35	0.016	3072	25000		20	35	0.0156	3072	25641		20	35	0.018	3072	22222		20	35	0.024	3072	16667
	20	35	0.106666667	3080	3750		20	35	0.104	3080	3846		20	35	0.12	3080	3333		20	35	0.16	3080	2500
	20	35	0.032	3081	12500		20	35	0.0312	3081	12821		20	35	0.036	3081	11111		20	35	0.048	3081	8333
	20	35	0.016	3082	25000		20	35	0.0156	3082	25641		20	35	0.018	3082	22222		20	35	0.024	3082	16667
Intermediate Bow	15	35	0.106666667	2050	3750	Intermediate Bow	15	35	0.104	2050	3846	Intermediate Bow	15	35	0.12	2050	3333	Intermediate Bow	15	35	0.16	2050	2500
	15	35	0.032	2051	12500		15	35	0.0312	2051	12821		15	35	0.036	2051	11111		15	35	0.048	2051	8333
	15	35	0.016	2052	25000		15	35	0.0156	2052	25641		15	35	0.018	2052	22222		15	35	0.024	2052	16667
	20	35	0.106666667	2060	3750		20	35	0.104	2060	3846		20	35	0.12	2060	3333		20	35	0.16	2060	2500
	20	35	0.032	2061	12500		20	35	0.0312	2061	12821		20	35	0.036	2061	11111		20	35	0.048	2061	8333
	20	35	0.016	2062	25000		20	35	0.0156	2062	25641		20	35	0.018	2062	22222		20	35	0.024	2062	16667
	20	35	0.106666667	2070	3750		20	35	0.104	2070	3846		20	35	0.12	2070	3333		20	35	0.16	2070	2500
	20	35	0.032	2071	12500		20	35	0.0312	2071	12821		20	35	0.036	2071	11111		20	35	0.048	2071	8333
	20	35	0.016	2072	25000		20	35	0.0156	2072	25641		20	35	0.018	2072	22222		20	35	0.024	2072	16667
	20	35	0.106666667	2080	3750		20	35	0.104	2080	3846		20	35	0.12	2080	3333		20	35	0.16	2080	2500
	20	35	0.032	2081	12500		20	35	0.0312	2081	12821		20	35	0.036	2081	11111		20	35	0.048	2081	8333
	20	35	0.016	2082	25000		20	35	0.0156	2082	25641		20	35	0.018	2082	22222		20	35	0.024	2082	16667
Intermediate Bell	5	35	0.106666667	5030	3750	Intermediate Bell	5	35	0.104	5030	3846	Intermediate Bell	5	35	0.12	5030	3333	Intermediate Bell	5	35	0.16	5030	2500
	5	35	0.032	5031	12500		5	35	0.0312	5031	12821		5	35	0.036	5031	11111		5	35	0.048	5031	8333
	5	35	0.016	5032	25000		5	35	0.0156	5032	25641		5	35	0.018	5032	22222		5	35	0.024	5032	16667
	15	35	0.106666667	5040	3750		15	35	0.104	5040	3846		15	35	0.12	5040	3333		15	35	0.16	5040	2500
	15	35	0.032	5041	12500		15	35	0.0312	5041	12821		15	35	0.036	5041	11111		15	35	0.048	5041	8333
	15	35	0.016	5042	25000		15	35	0.0156	5042	25641		15	35	0.018	5042	22222		15	35	0.024	5042	16667
	20	35	0.106666667	5050	3750		20	35	0.104	5050	3846		20	35	0.12	5050	3333		20	35	0.16	5050	2500
	20	35	0.032	5051	12500		20	35	0.0312	5051	12821		20	35	0.036	5051	11111		20	35	0.048	5051	8333
	20	35	0.016	5052	25000		20	35	0.0156	5052	25641		20	35	0.018	5052	22222		20	35	0.024	5052	16667
Intermediate Fan	15	35	0.106666667	7050	3750	Intermediate Fan	15	35	0.104	7050	3846	Intermediate Fan	15	35	0.12	7050	3333	Intermediate Fan	15	35	0.16	7050	2500
	15	35	0.032	7051	12500		15	35	0.0312	7051	12821		15	35	0.036	7051	11111		15	35	0.048	7051	8333
	15	35	0.016	7052	25000		15	35	0.0156	7052	25641		15	35	0.018	7052	22222		15	35	0.024	7052	16667
	20	35	0.106666667	7060	3750		20	35	0.104	7060	3846		20	35	0.12	7060	3333		20	35	0.16	7060	2500
	20	35	0.032	7061	12500		20	35	0.0312	7061	12821		20	35	0.036	7061	11111		20	35	0.048	7061	8333
	20	35	0.016	7062	25000		20	35	0.0156	7062	25641		20	35	0.018	7062	22222		20	35	0.024	7062	16667
	20	35	0.106666667	7070	3750		20	35	0.104	7070	3846		20	35	0.12	7070	3333		20	35	0.16	7070	2500
	20	35	0.032	7071	12500		20	35	0.0312	7071	12821		20	35	0.036	7071	11111		20	35	0.048	7071	8333
	20	35	0.016	7072	25000		20	35	0.0156	7072	25641		20	35	0.018	7072	22222		20	35	0.024	7072	16667
	20	35	0.106666667	7080	3750		20	35	0.104	7080	3846		20	35	0.12	7080	3333		20	35	0.16	7080	2500
	20	35	0.032	7081	12500		20	35	0.0312	7081	12821		20	35	0.036	7081	11111		20	35	0.048	7081	8333
	20	35	0.016	7082	25000		20	35	0.0156	7082	25641		20	35	0.018	7082	22222		20	35	0.024	7082	16667
Intermediate Warrior Armor	15	40	0.064	11230	6250	Intermediate Warrior Armor	15	40	0.12	11230	3333	Intermediate Warrior Armor	15	40	0.156	11230	2564	Intermediate Warrior Armor	15	40	0.24	11230	1667
	15	40	0.0256	11231	15625		15	40	0.048	11231	8333		15	40	0.0624	11231	6410		15	40	0.096	11231	4167
	15	40	0.01024	11232	39063		15	40	0.0192	11232	20833		15	40	0.02496	11232	16026		15	40	0.0384	11232	10417
	20	40	0.064	11240	6250		20	40	0.12	11240	3333		20	40	0.156	11240	2564		20	40	0.24	11240	1667
	20	40	0.0256	11241	15625		20	40	0.048	11241	8333		20	40	0.0624	11241	6410		20	40	0.096	11241	4167
	20	40	0.01024	11242	39063		20	40	0.0192	11242	20833		20	40	0.02496	11242	16026		20	40	0.0384	11242	10417
	20	40	0.0128	11250	31250		20	40	0.024	11250	16667		20	40	0.0312	11250	12821		20	40	0.048	11250	8333
	20	40	0.00256	11251	156250		20	40	0.0048	11251	83333		20	40	0.00624	11251	64103		20	40	0.0096	11251	41667
	20	40	0.00128	11252	312500		20	40	0.0024	11252	166667		20	40	0.00312	11252	128205		20	40	0.0048	11252	83333
Intermediate Ninja Armor	15	40	0.064	11430	6250	Intermediate Ninja Armor	15	40	0.12	11430	3333	Intermediate Ninja Armor	15	40	0.156	11430	2564	Intermediate Ninja Armor	15	40	0.24	11430	1667
	15	40	0.0256	11431	15625		15	40	0.048	11431	8333		15	40	0.0624	11431	6410		15	40	0.096	11431	4167
	15	40	0.01024	11432	39063		15	40	0.0192	11432	20833		15	40	0.02496	11432	16026		15	40	0.0384	11432	10417
	20	40	0.064	11440	6250		20	40	0.12	11440	3333		20	40	0.156	11440	2564		20	40	0.24	11440	1667
	20	40	0.0256	11441	15625		20	40	0.048	11441	8333		20	40	0.0624	11441	6410		20	40	0.096	11441	4167
	20	40	0.01024	11442	39063		20	40	0.0192	11442	20833		20	40	0.02496	11442	16026		20	40	0.0384	11442	10417
	20	40	0.0128	11450	31250		20	40	0.024	11450	16667		20	40	0.0312	11450	12821		20	40	0.048	11450	8333
	20	40	0.00256	11451	156250		20	40	0.0048	11451	83333		20	40	0.00624	11451	64103		20	40	0.0096	11451	41667
	20	40	0.00128	11452	312500		20	40	0.0024	11452	166667		20	40	0.00312	11452	128205		20	40	0.0048	11452	83333
Intermediate Sura Armor	15	40	0.064	11630	6250	Intermediate Sura Armor	15	40	0.12	11630	3333	Intermediate Sura Armor	15	40	0.156	11630	2564	Intermediate Sura Armor	15	40	0.24	11630	1667
	15	40	0.0256	11631	15625		15	40	0.048	11631	8333		15	40	0.0624	11631	6410		15	40	0.096	11631	4167
	15	40	0.01024	11632	39063		15	40	0.0192	11632	20833		15	40	0.02496	11632	16026		15	40	0.0384	11632	10417
	20	40	0.064	11640	6250		20	40	0.12	11640	3333		20	40	0.156	11640	2564		20	40	0.24	11640	1667
	20	40	0.0256	11641	15625		20	40	0.048	11641	8333		20	40	0.0624	11641	6410		20	40	0.096	11641	4167
	20	40	0.01024	11642	39063		20	40	0.0192	11642	20833		20	40	0.02496	11642	16026		20	40	0.0384	11642	10417
	20	40	0.0128	11650	31250		20	40	0.024	11650	16667		20	40	0.0312	11650	12821		20	40	0.048	11650	8333
	20	40	0.00256	11651	156250		20	40	0.0048	11651	83333		20	40	0.00624	11651	64103		20	40	0.0096	11651	41667
	20	40	0.00128	11652	312500		20	40	0.0024	11652	166667		20	40	0.00312	11652	128205		20	40	0.0048	11652	83333
Intermediate Shaman Armor	15	40	0.064	11830	6250	Intermediate Shaman Armor	15	40	0.12	11830	3333	Intermediate Shaman Armor	15	40	0.156	11830	2564	Intermediate Shaman Armor	15	40	0.24	11830	1667
	15	40	0.0256	11831	15625		15	40	0.048	11831	8333		15	40	0.0624	11831	6410		15	40	0.096	11831	4167
	15	40	0.01024	11832	39063		15	40	0.0192	11832	20833		15	40	0.02496	11832	16026		15	40	0.0384	11832	10417
	20	40	0.064	11840	6250		20	40	0.12	11840	3333		20	40	0.156	11840	2564		20	40	0.24	11840	1667
	20	40	0.0256	11841	15625		20	40	0.048	11841	8333		20	40	0.0624	11841	6410		20	40	0.096	11841	4167
	20	40	0.01024	11842	39063		20	40	0.0192	11842	20833		20	40	0.02496	11842	16026		20	40	0.0384	11842	10417
	20	40	0.0128	11850	31250		20	40	0.024	11850	16667		20	40	0.0312	11850	12821		20	40	0.048	11850	8333
	20	40	0.00256	11851	156250		20	40	0.0048	11851	83333		20	40	0.00624	11851	64103		20	40	0.0096	11851	41667
	20	40	0.00128	11852	312500		20	40	0.0024	11852	166667		20	40	0.00312	11852	128205		20	40	0.0048	11852	83333
Intermediate Bracelet	15	40	0.00192	14080	208333	Intermediate Bracelet	15	40	0.0024	14080	166667	Intermediate Bracelet	15	40	0.00234	14080	170940	Intermediate Bracelet	15	40	0.0036	14080	111111
	15	40	0.000384	14081	1041667		15	40	0.00048	14081	833333		15	40	0.000468	14081	854701		15	40	0.00072	14081	555556
	15	40	0.000128	14082	3125000		15	40	0.00016	14082	2500000		15	40	0.000156	14082	2564103		15	40	0.00024	14082	1666667
	15	40	0.00192	14100	208333		15	40	0.0024	14100	166667		15	40	0.00234	14100	170940		15	40	0.0036	14100	111111
	15	40	0.000384	14101	1041667		15	40	0.00048	14101	833333		15	40	0.000468	14101	854701		15	40	0.00072	14101	555556
	15	40	0.000128	14102	3125000		15	40	0.00016	14102	2500000		15	40	0.000156	14102	2564103		15	40	0.00024	14102	1666667
	20	40	0.000192	14120	2083333		20	40	0.00024	14120	1666667		20	40	0.000234	14120	1709402		20	40	0.00036	14120	1111111
	20	50	0.0000384	14121	10416667		20	50	0.000048	14121	8333333		20	50	0.0000468	14121	8547009		20	50	0.000072	14121	5555556
	20	50	0.0000128	14122	31250000		20	50	0.000016	14122	25000000		20	50	0.0000156	14122	25641026		20	50	0.000024	14122	16666667
	20	50	0.000192	14140	2083333		20	50	0.00024	14140	1666667		20	50	0.000234	14140	1709402		20	50	0.00036	14140	1111111
	20	50	0.0000384	14141	10416667		20	50	0.000048	14141	8333333		20	50	0.0000468	14141	8547009		20	50	0.000072	14141	5555556
	20	50	0.0000128	14142	31250000		20	50	0.000016	14142	25000000		20	50	0.0000156	14142	25641026		20	50	0.000024	14142	16666667
Intermediate shoes	15	40	0.0192	15080	20833	Intermediate shoes	15	40	0.024	15080	16667	Intermediate shoes	15	40	0.0234	15080	17094	Intermediate shoes	15	40	0.036	15080	11111
	15	40	0.00384	15081	104167		15	40	0.0048	15081	83333		15	40	0.00468	15081	85470		15	40	0.0072	15081	55556
	15	40	0.00128	15082	312500		15	40	0.0016	15082	250000		15	40	0.00156	15082	256410		15	40	0.0024	15082	166667
	15	40	0.0192	15100	20833		15	40	0.024	15100	16667		15	40	0.0234	15100	17094		15	40	0.036	15100	11111
	15	40	0.00384	15101	104167		15	40	0.0048	15101	83333		15	40	0.00468	15101	85470		15	40	0.0072	15101	55556
	15	40	0.00128	15102	312500		15	40	0.0016	15102	250000		15	40	0.00156	15102	256410		15	40	0.0024	15102	166667
	20	40	0.0128	15120	31250		20	40	0.016	15120	25000		20	40	0.0156	15120	25641		20	40	0.024	15120	16667
	20	50	0.00256	15121	156250		20	50	0.0032	15121	125000		20	50	0.00312	15121	128205		20	50	0.0048	15121	83333
	20	50	0.00128	15122	312500		20	50	0.0016	15122	250000		20	50	0.00156	15122	256410		20	50	0.0024	15122	166667
	20	50	0.0128	15140	31250		20	50	0.016	15140	25000		20	50	0.0156	15140	25641		20	50	0.024	15140	16667
	20	50	0.00256	15141	156250		20	50	0.0032	15141	125000		20	50	0.00312	15141	128205		20	50	0.0048	15141	83333
	20	50	0.00128	15142	312500		20	50	0.0016	15142	250000		20	50	0.00156	15142	256410		20	50	0.0024	15142	166667
Intermediate Earrings	15	40	0.0192	17080	20833	Intermediate Earrings	15	40	0.024	17080	16667	Intermediate Earrings	15	40	0.0234	17080	17094	Intermediate Earrings	15	40	0.036	17080	11111
	15	40	0.00384	17081	104167		15	40	0.0048	17081	83333		15	40	0.00468	17081	85470		15	40	0.0072	17081	55556
	15	40	0.00128	17082	312500		15	40	0.0016	17082	250000		15	40	0.00156	17082	256410		15	40	0.0024	17082	166667
	15	40	0.0192	17100	20833		15	40	0.024	17100	16667		15	40	0.0234	17100	17094		15	40	0.036	17100	11111
	15	40	0.00384	17101	104167		15	40	0.0048	17101	83333		15	40	0.00468	17101	85470		15	40	0.0072	17101	55556
	15	40	0.00128	17102	312500		15	40	0.0016	17102	250000		15	40	0.00156	17102	256410		15	40	0.0024	17102	166667
	20	40	0.0128	17120	31250		20	40	0.016	17120	25000		20	40	0.0156	17120	25641		20	40	0.024	17120	16667
	20	50	0.00256	17121	156250		20	50	0.0032	17121	125000		20	50	0.00312	17121	128205		20	50	0.0048	17121	83333
	20	50	0.00128	17122	312500		20	50	0.0016	17122	250000		20	50	0.00156	17122	256410		20	50	0.0024	17122	166667
	20	50	0.0128	17140	31250		20	50	0.016	17140	25000		20	50	0.0156	17140	25641		20	50	0.024	17140	16667
	20	50	0.00256	17141	156250		20	50	0.0032	17141	125000		20	50	0.00312	17141	128205		20	50	0.0048	17141	83333
	20	50	0.00128	17142	312500		20	50	0.0016	17142	250000		20	50	0.00156	17142	256410		20	50	0.0024	17142	166667
Intermediate Necklace	15	40	0.0192	16080	20833	Intermediate Necklace	15	40	0.024	16080	16667	Intermediate Necklace	15	40	0.0234	16080	17094	Intermediate Necklace	15	40	0.036	16080	11111
	15	40	0.00384	16081	104167		15	40	0.0048	16081	83333		15	40	0.00468	16081	85470		15	40	0.0072	16081	55556
	15	40	0.00128	16082	312500		15	40	0.0016	16082	250000		15	40	0.00156	16082	256410		15	40	0.0024	16082	166667
	15	40	0.0192	16100	20833		15	40	0.024	16100	16667		15	40	0.0234	16100	17094		15	40	0.036	16100	11111
	15	40	0.00384	16101	104167		15	40	0.0048	16101	83333		15	40	0.00468	16101	85470		15	40	0.0072	16101	55556
	15	40	0.00128	16102	312500		15	40	0.0016	16102	250000		15	40	0.00156	16102	256410		15	40	0.0024	16102	166667
	20	40	0.0128	16120	31250		20	40	0.016	16120	25000		20	40	0.0156	16120	25641		20	40	0.024	16120	16667
	20	50	0.00256	16121	156250		20	50	0.0032	16121	125000		20	50	0.00312	16121	128205		20	50	0.0048	16121	83333
	20	50	0.00128	16122	312500		20	50	0.0016	16122	250000		20	50	0.00156	16122	256410		20	50	0.0024	16122	166667
	20	50	0.0128	16140	31250		20	50	0.016	16140	25000		20	50	0.0156	16140	25641		20	50	0.024	16140	16667
	20	50	0.00256	16141	156250		20	50	0.0032	16141	125000		20	50	0.00312	16141	128205		20	50	0.0048	16141	83333
	20	50	0.00128	16142	312500		20	50	0.0016	16142	250000		20	50	0.00156	16142	256410		20	50	0.0024	16142	166667
Helmet	1	21	0.010666667	12200	37500	Advanced One-Handed Sword	45	99	0.025	100	16000	Advanced One-Handed Sword	45	99	0.05	100	8000	Advanced One-Handed Sword	40	99	0.125	100	3200
	1	21	0.010666667	12340	37500		45	99	0.005	101	80000		45	99	0.01	101	40000		40	99	0.025	101	16000
	1	21	0.010666667	12480	37500		45	99	0.00125	102	320000		45	99	0.0025	102	160000		40	99	0.00625	102	64000
	1	21	0.010666667	12620	37500		45	99	0.025	110	16000		45	99	0.05	110	8000		40	99	0.125	110	3200
Red potions	1	20	2	27001	200		45	99	0.005	112	80000		45	99	0.01	112	40000		40	99	0.025	112	16000
	20	40	1.5	27002	267		45	99	0.00125	113	320000		45	99	0.0025	113	160000		40	99	0.00625	113	64000
	35	99	1	27003	400		50	99	0.025	120	16000		50	99	0.05	120	8000		45	99	0.125	120	3200
Blue potions	1	18	4	27001	100		50	99	0.005	121	80000		50	99	0.01	121	40000		45	99	0.025	121	16000
	1	18	2	27002	200		50	99	0.00125	122	320000		50	99	0.0025	122	160000		45	99	0.00625	122	64000
	1	18	1	27003	400		50	99	0.00625	130	64000		50	99	0.0125	130	32000		45	99	0.03125	130	12800
	1	99	1	27004	400		50	99	0.0025	131	160000		50	99	0.005	131	80000		45	99	0.0125	131	32000
	1	99	0.4	27005	1000		50	99	0.00125	132	320000		50	99	0.0025	132	160000		45	99	0.00625	132	64000
	1	99	0.2	27006	2000	Advanced Daggers	45	99	0.025	1060	16000	Advanced Daggers	45	99	0.05	1060	8000	Advanced Daggers	40	99	0.125	1060	3200
Green potions	1	99	0	27111	0		45	99	0.005	1061	80000		45	99	0.01	1061	40000		40	99	0.025	1061	16000
	1	99	0	27112	0		45	99	0.00125	1062	320000		45	99	0.0025	1062	160000		40	99	0.00625	1062	64000
Purple potions	10	50	0.4	27114	1000		45	99	0.025	1070	16000		45	99	0.05	1070	8000		40	99	0.125	1070	3200
	40	99	0.2	27115	2000		45	99	0.005	1071	80000		45	99	0.01	1071	40000		40	99	0.025	1071	16000
Mission book	10	25	0.8	50318	500		45	99	0.00125	1072	320000		45	99	0.0025	1072	160000		40	99	0.00625	1072	64000
	26	40	0.6	50319	667		50	99	0.025	1080	16000		50	99	0.05	1080	8000		45	99	0.125	1080	3200
	41	55	0.4	50320	1000		50	99	0.005	1081	80000		50	99	0.01	1081	40000		45	99	0.025	1081	16000
	56	99	0.2	50321	2000		50	99	0.00125	1082	320000		50	99	0.0025	1082	160000		45	99	0.00625	1082	64000
Special item	1	99	0.0002	25040	2000000		50	99	0.00625	1090	64000		50	99	0.0125	1090	32000		45	99	0.03125	1090	12800
	1	99	0.0004	70102	1000000		50	99	0.0025	1091	160000		50	99	0.005	1091	80000		45	99	0.0125	1091	32000
Language book	10	99	0.004	50311	100000		50	99	0.00125	1092	320000		50	99	0.0025	1092	160000		45	99	0.00625	1092	64000
	10	99	0.004	50312	100000	Advanced two-handed sword	45	99	0.025	3090	16000	Advanced two-handed sword	45	99	0.05	3090	8000	Advanced two-handed sword	40	99	0.125	3090	3200
	10	99	0.004	50313	100000		45	99	0.005	3091	80000		45	99	0.01	3091	40000		40	99	0.025	3091	16000
Secondary Skill Book	1	99	0.004	50301	100000		45	99	0.00125	3092	320000		45	99	0.0025	3092	160000		40	99	0.00625	3092	64000
	1	99	0.004	50302	100000		45	99	0.025	3100	16000		45	99	0.05	3100	8000		40	99	0.125	3100	3200
	1	99	0.004	50303	100000		45	99	0.005	3101	80000		45	99	0.01	3101	40000		40	99	0.025	3101	16000
	1	99	0.002	50304	200000		45	99	0.00125	3102	320000		45	99	0.0025	3102	160000		40	99	0.00625	3102	64000
	1	99	0.002	50305	200000		50	99	0.025	3110	16000		50	99	0.05	3110	8000		45	99	0.125	3110	3200
	1	99	0.002	50306	200000		50	99	0.005	3111	80000		50	99	0.01	3111	40000		45	99	0.025	3111	16000
Other items	30	99	0.01	50006	40000		50	99	0.00125	3112	320000		50	99	0.0025	3112	160000		45	99	0.00625	3112	64000
	1	99	0.015	50007	26667		50	99	0.00625	3120	64000		50	99	0.0125	3120	32000		45	99	0.03125	3120	12800
Horse feed	25	99	0.2	50054	2000		50	99	0.0025	3121	160000		50	99	0.005	3121	80000		45	99	0.0125	3121	32000
	35	99	0.1	50055	4000		50	99	0.00125	3122	320000		50	99	0.0025	3122	160000		45	99	0.00625	3122	64000
	50	99	0.05	50056	8000	Advanced Bow	45	99	0.025	2090	16000	Advanced Bow	45	99	0.05	2090	8000	Advanced Bow	40	99	0.125	2090	3200
Green potions	1	49	0.2	27110	2000		45	99	0.005	2091	80000		45	99	0.01	2091	40000		40	99	0.025	2091	16000
	50	99	0.4	27110	1000		45	99	0.00125	2092	320000		45	99	0.0025	2092	160000		40	99	0.00625	2092	64000
Town Scroll	1	99	0.8	22000	500		45	99	0.025	2100	16000		45	99	0.05	2100	8000		40	99	0.125	2100	3200
	1	99	0.8	22010	500		45	99	0.005	2101	80000		45	99	0.01	2101	40000		40	99	0.025	2101	16000
Mining training book	30	99	0.004	50600	100000		45	99	0.00125	2102	320000		45	99	0.0025	2102	160000		40	99	0.00625	2102	64000
Polymorph	10	99	0.04	70104	10000		50	99	0.025	2110	16000		50	99	0.05	2110	8000		45	99	0.125	2110	3200
	10	99	0.004	50314	100000		50	99	0.005	2111	80000		50	99	0.01	2111	40000		45	99	0.025	2111	16000
	10	99	0.004	50315	100000		50	99	0.00125	2112	320000		50	99	0.0025	2112	160000		45	99	0.00625	2112	64000
	10	99	0.004	50316	100000		50	99	0.00625	2120	64000		50	99	0.0125	2120	32000		45	99	0.03125	2120	12800
							50	99	0.0025	2121	160000		50	99	0.005	2121	80000		45	99	0.0125	2121	32000
							50	99	0.00125	2122	320000		50	99	0.0025	2122	160000		45	99	0.00625	2122	64000
						Advanced Bell	45	99	0.025	5060	16000	Advanced Bell	45	99	0.05	5060	8000	Advanced Bell	40	99	0.125	5060	3200
							45	99	0.005	5061	80000		45	99	0.01	5061	40000		40	99	0.025	5061	16000
							45	99	0.00125	5062	320000		45	99	0.0025	5062	160000		40	99	0.00625	5062	64000
							50	99	0.025	5070	16000		50	99	0.05	5070	8000		40	99	0.125	5070	3200
							50	99	0.005	5071	80000		50	99	0.01	5071	40000		40	99	0.025	5071	16000
							50	99	0.00125	5072	320000		50	99	0.0025	5072	160000		40	99	0.00625	5072	64000
							50	99	0.025	5080	16000		50	99	0.05	5080	8000		45	99	0.125	5080	3200
							50	99	0.005	5081	80000		50	99	0.01	5081	40000		45	99	0.025	5081	16000
							50	99	0.00125	5082	320000		50	99	0.0025	5082	160000		45	99	0.00625	5082	64000
						Advanced Bracelet	45	99	0.00009	14160	4444444	Advanced Bracelet	45	99	0.00018	14160	2222222	Advanced Bracelet	40	99	0.00045	14160	888889
							45	99	0.000018	14161	22222222		45	99	0.000036	14161	11111111		40	99	0.00009	14161	4444444
							45	99	0.000006	14162	66666667		45	99	0.000012	14162	33333333		40	99	0.00003	14162	13333333
							45	99	0.00009	14180	4444444		45	99	0.00018	14180	2222222		45	99	0.00045	14180	888889
							45	99	0.000018	14181	22222222		45	99	0.000036	14181	11111111		45	99	0.00009	14181	4444444
							45	99	0.000006	14182	66666667		45	99	0.000012	14182	33333333		45	99	0.00003	14182	13333333
							50	99	0.00009	14200	4444444		50	99	0.00018	14200	2222222		50	99	0.00045	14200	888889
							50	99	0.000018	14201	22222222		50	99	0.000036	14201	11111111		50	99	0.00009	14201	4444444
							50	99	0.000006	14202	66666667		50	99	0.000012	14202	33333333		50	99	0.00003	14202	13333333
						Advanced Shoes	45	99	0.0045	15160	88889	Advanced Shoes	45	99	0.009	15160	44444	Advanced Shoes	40	99	0.0225	15160	17778
							45	99	0.0009	15161	444444		45	99	0.0018	15161	222222		40	99	0.0045	15161	88889
							45	99	0.0003	15162	1333333		45	99	0.0006	15162	666667		40	99	0.0015	15162	266667
							45	99	0.0045	15180	88889		45	99	0.009	15180	44444		45	99	0.0225	15180	17778
							45	99	0.0009	15181	444444		45	99	0.0018	15181	222222		45	99	0.0045	15181	88889
							45	99	0.0003	15182	1333333		45	99	0.0006	15182	666667		45	99	0.0015	15182	266667
							50	99	0.0015	15200	266667		50	99	0.003	15200	133333		45	99	0.0075	15200	53333
							50	99	0.0003	15201	1333333		50	99	0.0006	15201	666667		45	99	0.0015	15201	266667
							50	99	0.00015	15202	2666667		50	99	0.0003	15202	1333333		45	99	0.00075	15202	533333
							50	99	0.0015	15220	266667		50	99	0.003	15220	133333		50	99	0.0075	15220	53333
							50	99	0.0003	15221	1333333		50	99	0.0006	15221	666667		50	99	0.0015	15221	266667
							50	99	0.00015	15222	2666667		50	99	0.0003	15222	1333333		50	99	0.00075	15222	533333
						Advanced Earrings	45	99	0.0045	17160	88889	Advanced Earrings	45	99	0.009	17160	44444	Advanced Earrings	40	99	0.0225	17160	17778
							45	99	0.0009	17161	444444		45	99	0.0018	17161	222222		40	99	0.0045	17161	88889
							45	99	0.0003	17162	1333333		45	99	0.0006	17162	666667		40	99	0.0015	17162	266667
							45	99	0.0045	17180	88889		45	99	0.009	17180	44444		45	99	0.0225	17180	17778
							45	99	0.0009	17181	444444		45	99	0.0018	17181	222222		45	99	0.0045	17181	88889
							45	99	0.0003	17182	1333333		45	99	0.0006	17182	666667		45	99	0.0015	17182	266667
							50	99	0.0045	17200	88889		50	99	0.009	17200	44444		50	99	0.0225	17200	17778
							50	99	0.0009	17201	444444		50	99	0.0018	17201	222222		50	99	0.0045	17201	88889
							50	99	0.0003	17202	1333333		50	99	0.0006	17202	666667		50	99	0.0015	17202	266667
						Advanced Necklaces	45	99	0.0045	16160	88889	Advanced Necklaces	45	99	0.009	16160	44444	Advanced Necklaces	40	99	0.0225	16160	17778
							45	99	0.0009	16161	444444		45	99	0.0018	16161	222222		40	99	0.0045	16161	88889
							45	99	0.0003	16162	1333333		45	99	0.0006	16162	666667		40	99	0.0015	16162	266667
							45	99	0.0045	16180	88889		45	99	0.009	16180	44444		45	99	0.0225	16180	17778
							45	99	0.0009	16181	444444		45	99	0.0018	16181	222222		45	99	0.0045	16181	88889
							45	99	0.0003	16182	1333333		45	99	0.0006	16182	666667		45	99	0.0015	16182	266667
							50	99	0.0045	16200	88889		50	99	0.009	16200	44444		50	99	0.0225	16200	17778
							50	99	0.0009	16201	444444		50	99	0.0018	16201	222222		50	99	0.0045	16201	88889
							50	99	0.0003	16202	1333333		50	99	0.0006	16202	666667		50	99	0.0015	16202	266667
						Helmet	1	21	0.005	12200	80000	Helmet	1	21	0.008	12200	50000	Helmet	1	21	0.02	12200	20000
							1	21	0.005	12340	80000		1	21	0.008	12340	50000		1	21	0.02	12340	20000
							1	21	0.005	12480	80000		1	21	0.008	12480	50000		1	21	0.02	12480	20000
							1	21	0.005	12620	80000		1	21	0.008	12620	50000		1	21	0.02	12620	20000
							15	41	0.004	12220	100000		15	41	0.005	12220	80000		15	41	0.0125	12220	32000
							15	41	0.004	12360	100000		15	41	0.005	12360	80000		15	41	0.0125	12360	32000
							15	41	0.004	12500	100000		15	41	0.005	12500	80000		15	41	0.0125	12500	32000
							15	41	0.004	12640	100000		15	41	0.005	12640	80000		15	41	0.0125	12640	32000
						Red Potions	1	20	2	27001	200		35	99	0.004	12240	100000		35	99	0.01	12240	40000
							20	40	1.5	27002	267		35	99	0.004	12380	100000		35	99	0.01	12380	40000
							35	99	1	27003	400		35	99	0.004	12520	100000		35	99	0.01	12520	40000
						Blue Potions	1	18	4	27001	100		35	99	0.004	12660	100000		35	99	0.01	12660	40000
							1	18	2	27002	200	Red Potions	1	20	2	27001	200	Red Potions	1	20	2	27001	200
							1	18	1	27003	400		20	40	1.5	27002	267		20	40	1.5	27002	267
						Blue Potions	1	99	1.3	27004	308		35	99	1	27003	400		35	99	1	27003	400
							1	99	0.52	27005	769	Blue Potions	1	18	3	27001	133	Blue Potions	1	18	4	27001	100
							1	99	0.26	27006	1538		1	18	2.25	27002	178		1	18	3	27002	133
						Green Potions	1	99	0	27111	0		1	18	1.5	27003	267		1	18	2	27003	200
							1	99	0	27112	0	Blue Potions	1	99	1.5	27004	267	Blue Potions	1	99	2	27004	200
						Purple Potions	10	50	0.4	27114	1000		1	99	0.6	27005	667		1	99	0.8	27005	500
							40	99	0.2	27115	2000		1	99	0.3	27006	1333		1	99	0.4	27006	1000
						Mission book	10	25	1.04	50318	385	Green Potions	1	99	0	27111	0	Green Potions	1	99	0	27111	0
							26	40	0.78	50319	513		1	99	0	27112	0		1	99	0	27112	0
							41	55	0.52	50320	769	Purple Potions	10	50	0.4	27114	1000	Purple Potions	10	50	0.4	27114	1000
							56	99	0.52	50321	769		40	99	0.2	27115	2000		40	99	0.2	27115	2000
						Special item	1	99	0.0002	25040	2000000	Mission book	10	25	1.2	50318	333	Mission book	10	25	1.6	50318	250
							1	99	0.0004	70102	1000000		26	40	0.9	50319	444		26	40	1.2	50319	333
						Language book	10	99	0.004	50311	100000		41	55	0.6	50320	667		41	55	0.8	50320	500
							10	99	0.004	50312	100000		56	99	0.3	50321	1333		56	99	0.4	50321	1000
							10	99	0.004	50313	100000	Special item	1	99	0.0002	25040	2000000	Special item	1	99	0.0002	25040	2000000
						Secondary Skill Book	1	99	0.004	50301	100000		1	99	0.0004	70102	1000000		1	99	0.0004	70102	1000000
							1	99	0.004	50302	100000	Language book	10	99	0.004	50311	100000	Language book	10	99	0.004	50311	100000
							1	99	0.004	50303	100000		10	99	0.004	50312	100000		10	99	0.004	50312	100000
							1	99	0.002	50304	200000		10	99	0.004	50313	100000		10	99	0.004	50313	100000
							1	99	0.002	50305	200000	Secondary Skill Book	1	99	0.004	50301	100000	Secondary Skill Book	1	99	0.004	50301	100000
							1	99	0.002	50306	200000		1	99	0.004	50302	100000		1	99	0.004	50302	100000
						Other items							1	99	0.004	50303	100000		1	99	0.004	50303	100000
							30	99	0.01	50006	40000		1	99	0.002	50304	200000		1	99	0.002	50304	200000
							1	99	0.015	50007	26667		1	99	0.002	50305	200000		1	99	0.002	50305	200000
						Horse feed	25	99	0.2	50054	2000		1	99	0.002	50306	200000		1	99	0.002	50306	200000
							35	99	0.1	50055	4000	Other items						Other items					
							50	99	0.05	50056	8000		40	99	0.08	25100	5000		40	99	0.08	25100	5000
						Green Potions	1	49	0.2	27110	2000		30	99	0.01	50006	40000		30	99	0.01	50006	40000
							50	99	0.4	27110	1000		1	99	0.015	50007	26667		1	99	0.015	50007	26667
						Town Scroll	1	99	0.8	22000	500	Horse feed	25	99	0.2	50054	2000	Horse feed	25	99	0.2	50054	2000
							1	99	0.8	22010	500		35	99	0.1	50055	4000		35	99	0.1	50055	4000
						Mining training book	30	99	0.004	50600	100000		50	99	0.05	50056	8000		50	99	0.05	50056	8000
						Polymorph	10	99	0.04	70105	10000	Green Potions	1	49	0.2	27110	2000	Green Potions	1	49	0.2	27110	2000
							10	99	0.004	50314	100000		50	99	0.4	27110	1000		50	99	0.4	27110	1000
							10	99	0.004	50315	100000	Town Scroll	1	99	0.8	22000	500	Town Scroll	1	99	0.8	22000	500
							10	99	0.004	50316	100000		1	99	0.8	22010	500		1	99	0.8	22010	500
												Mining training book	30	99	0.004	50600	100000	Mining training book	30	99	0.004	50600	100000
												Polymorph	10	99	0.04	70106	10000	Polymorph	10	99	0.04	70107	10000
													10	99	0.004	50314	100000		10	99	0.004	50314	100000
													10	99	0.004	50315	100000		10	99	0.004	50315	100000
													10	99	0.004	50316	100000		10	99	0.004	50316	100000
WOLFMAN																							
Low Wolfman armor	1	15	0.2	21000	2000	Low Wolfman armor	1	15	0.26	21000	1538	Low Wolfman armor	1	15	0.3	21000	1333	Low Wolfman armor	1	15	0.5	21000	800
	1	15	0.08	21001	5000		1	15	0.104	21001	3846		1	15	0.12	21001	3333		1	15	0.2	21001	2000
	1	15	0.032	21002	12500		1	15	0.0416	21002	9615		1	15	0.048	21002	8333		1	15	0.08	21002	5000
	5	15	0.2	21010	2000		5	15	0.26	21010	1538		5	15	0.3	21010	1333		5	15	0.5	21010	800
	5	15	0.08	21011	5000		5	15	0.104	21011	3846		5	15	0.12	21011	3333		5	15	0.2	21011	2000
	5	15	0.032	21012	12500		5	15	0.0416	21012	9615		5	15	0.048	21012	8333		5	15	0.08	21012	5000
Intermediate Wolfman armor	15	50	0.064	21020	6250	Intermediate Wolfman armor	15	40	0.12	21020	3333	Intermediate Wolfman armor	15	40	0.156	21020	2564	Intermediate Wolfman armor	15	40	0.24	21020	1667
	15	50	0.0256	21021	15625		15	40	0.048	21021	8333		15	40	0.0624	21021	6410		15	40	0.096	21021	4167
	15	50	0.01024	21020	39063		15	40	0.0192	21020	20833		15	40	0.02496	21020	16026		15	40	0.0384	21020	10417
	20	50	0.064	21030	6250		20	40	0.12	21030	3333		20	40	0.156	21030	2564		20	40	0.24	21030	1667
	20	50	0.0256	21031	15625		20	40	0.048	21031	8333		20	40	0.0624	21031	6410		20	40	0.096	21031	4167
	20	50	0.01024	21032	39063		20	40	0.0192	21032	20833		20	40	0.02496	21032	16026		20	40	0.0384	21032	10417
	20	50	0.0128	21040	31250		20	40	0.024	21040	16667		20	40	0.0312	21040	12821		20	40	0.048	21040	8333
	20	50	0.00256	21041	156250		20	40	0.0048	21041	83333		20	40	0.00624	21041	64103		20	40	0.0096	21041	41667
	20	50	0.00128	21042	312500		20	40	0.0024	21042	166667		20	40	0.00312	21042	128205		20	40	0.0048	21042	83333
Helmet Wolfman	1	21	0.010666667	21500	37500																		
	1	21	0.005	21510	80000	Helmet	1	21	0.008	21510	50000	Helmet	1	21	0.02	21500	20000	Helmet	1	21	0.02	21500	20000
	15	41	0.004	21520	100000		15	41	0.005	21520	80000		15	41	0.0125	21510	32000		15	41	0.0125	21510	32000
													35	99	0.004	21520	100000		35	99	0.01	21520	40000
Low Claw	1	15	0.4	6000	1000	Low Claw	1	15	0.52	6000	769	Low Claw	1	15	0.6	6000	667	Low Claw	1	15	1	6000	400
	1	15	0.2	6001	2000		1	15	0.26	6001	1538		1	15	0.3	6001	1333		1	15	0.5	6001	800
	1	15	0.1	6002	4000		1	15	0.13	6002	3077		1	15	0.15	6002	2667				0.25	6002	1600
Intermediate Claw	20	35	0.106666667	6010	3750		20	35	0.104	6010	3846		20	35	0.12	6010	3333		20	35	0.16	6010	2500
	20	35	0.032	6011	12500		20	35	0.0312	6011	12821		20	35	0.036	6011	11111		20	35	0.048	6011	8333
	20	35	0.016	6012	25000		20	35	0.0156	6012	25641		20	35	0.018	6012	22222		20	35	0.024	6012	16667
