#ITEM	VNUM	PRICE	AMOUNT
ITEM	27121	100	8
ITEM	76007	284	20
ITEM	71221	129	1
ITEM	39043	34	1
ITEM	27054	183	3
ITEM	71108	267	3
ITEM	27054	305	5
ITEM	39008	392	1
ITEM	76017	234	3
ITEM	39034	270	1
ITEM	76017	390	5
ITEM	38100	519	1
ITEM	70006	236	1
ITEM	76023	644	1
ITEM	76019	137	1
ITEM	76024	1067	1
ITEM	72320	294	1
ITEM	30630	26	1
#ITEM	76031	229	1
ITEM	76005	167	1
ITEM	76005	167	1
ITEM	39035	16	1
ITEM	76022	237	1
ITEM	85001	1097	1
ITEM	85001	1097	1
ITEM	39046	139	1
ITEM	72322	132	1
ITEM	76011	464	1
ITEM	27121	200	14
ITEM	60005	234	1
ITEM	60005	234	1
ITEM	70058	817	1
ITEM	39030	392	1
ITEM	39027	475	1
ITEM	100300	291	1
ITEM	71103	574	1
ITEM	71104	539	1
ITEM	71105	574	1
ITEM	71106	604	1
ITEM	39009	804	1
ITEM	71033	410	1
ITEM	76025	999	1
ITEM	30190	171	1
ITEM	72323	648	1
ITEM	72325	280	1
ITEM	76013	1263	1
ITEM	76014	1263	1
ITEM	76047	1000	1
ITEM	71107	520	1
ITEM	76044	2167	1
#ITEM	55002	1297	1
ITEM	76030	2186	1
ITEM	71048	715	1
ITEM	38102	1893	1
ITEM	76006	347	1
#ITEM	76045	749	1
GLIMMERSTONE	50926
GEM_EXPANSION	39064
GEM_REFRESH	39063
GLIMMERSTONE_COUNT	10
GEM_EXPANSION_COUNT	1
GEM_REFRESH_COUNT	1
GRADE_STONE	3
GIVE_GEM	3
PROB_GEM	30
COST_GEM_YANG	5000