## ShopEX File Structure
#
#
# Group ShopNPC
# {
#	#	VNUM	GROUP
#	1	9010	EXAMPLE # Shop Group
# }
#
# Group EXAMPLE # Shop Group
# {
#	Vnum	101 # Shop Vnum
#	Name	GM1 # Shop Name
#	sort	Name # Item Sorting ( Asc | Desc | Vnum | Price | Name | Type )
#	Group	Items # Shop Items
#	{
#		price_type
#			1 = GOLD
#			2 = SECONDARY_COIN
#			3 = ITEM
#			4 = EXP
#
#		price_vnum
#			0 = None
#			> 0 = ITEM_VNUM
#
#		#--# DEFAULT_HEADER
#		#--#	vnum	count	price	price_type	price_vnum	...
#		1		12019	1		1000	1			0			0 0 0 0 0 0 0 0 0 0 0 0 0 0 0 0 0 0 0 0 0 0
#	}
# }
##

Group ShopNPC
{
	#--# NPC	Group
	1	6004	Dungeon
	2	9001	WPWarrior
	3	9001	WPSura
	4	9001	WPNinja
	5	9001	WPShamane
	6	9002	EQWarrior
	7	9002	EQSura
	8	9002	EQNinja
	9	9002	EQShamane
	10	9003	Potions
	11	9003	Statistics
	12	20084	Biologist
	13	20001	DragonSoul
}

Group Biologist
{
	Vnum	106
	Name	I
	Sort	Original
	Group Items
	{
		#--#	index	vnum	count	price	price_type	price_vnum0	price_count0	price_vnum1	price_count1	price_vnum2	price_count2	price_vnum3	price_count3	price_vnum4	price_count4	socket0 socket1 socket2 socket3 socket4 socket5 attr_type0 attr_value0 attr_type1 attr_value1 attr_type2 attr_value2 attr_type3 attr_value3 attr_type4 attr_value4 attr_type5 attr_value5 attr_type6 attr_value6	
		1 		1 		30220	1		100		3			30006		1				0			0				0			0				0			0				0			0				0	0	0	0	0	0	0	0	0	0	0	0	0	0	0	0	0	0	0	0	0	0	0	0	0	0	0	0	0	0	0		}
		2 		2 		30221	1		100		3			30047		2				0			0				0			0				0			0				0			0				0	0	0	0	0	0	0	0	0	0	0	0	0	0	0	0	0	0	0	0	0	0	0	0	0	0	0	0	0	0	0		}
		3 		3 		30222	1		100		3			30015		3				0			0				0			0				0			0				0			0				0	0	0	0	0	0	0	0	0	0	0	0	0	0	0	0	0	0	0	0	0	0	0	0	0	0	0	0	0	0	0		}
		4 		4 		30223	1		100		3			30050		4				0			0				0			0				0			0				0			0				0	0	0	0	0	0	0	0	0	0	0	0	0	0	0	0	0	0	0	0	0	0	0	0	0	0	0	0	0	0	0		}
		5 		5 		30224	1		100		3			30165		5				0			0				0			0				0			0				0			0				0	0	0	0	0	0	0	0	0	0	0	0	0	0	0	0	0	0	0	0	0	0	0	0	0	0	0	0	0	0	0		}
		6		6		30225	1		100		3			30166		5				0			0				0			0				0			0				0			0				0	0	0	0	0	0	0	0	0	0	0	0	0	0	0	0	0	0	0	0	0	0	0	0	0	0	0	0	0	0	0		}
		7		7		30226	1		100		3			30167		5				0			0				0			0				0			0				0			0				0	0	0	0	0	0	0	0	0	0	0	0	0	0	0	0	0	0	0	0	0	0	0	0	0	0	0	0	0	0	0		}
		8		8		30227	1		100		3			30168		6				0			0				0			0				0			0				0			0				0	0	0	0	0	0	0	0	0	0	0	0	0	0	0	0	0	0	0	0	0	0	0	0	0	0	0	0	0	0	0		}
		9		9		30228	1		100		3			30251		7				0			0				0			0				0			0				0			0				0	0	0	0	0	0	0	0	0	0	0	0	0	0	0	0	0	0	0	0	0	0	0	0	0	0	0	0	0	0	0		}
	}
}
Group Dungeon
{
	Vnum	107
	Name	I
	Sort	Original
	Group Items
	{
		#--#	index	vnum	count	price	price_type	price_vnum0	price_count0	price_vnum1	price_count1	price_vnum2	price_count2	price_vnum3	price_count3	price_vnum4	price_count4	socket0 socket1 socket2 socket3 socket4 socket5 attr_type0 attr_value0 attr_type1 attr_value1 attr_type2 attr_value2 attr_type3 attr_value3 attr_type4 attr_value4 attr_type5 attr_value5 attr_type6 attr_value6	
		1		1		30324	1		100		3			27992		2				27993			2				27994			2				0			0				0			0				0	0	0	0	0	0	0	0	0	0	0	0	0	0	0	0	0	0	0	0	0	0	0	0	0	0	0	0	0	0	0		}
		2		2		30320	1		100		3			27992		2				27993			2				27994			2				0			0				0			0				0	0	0	0	0	0	0	0	0	0	0	0	0	0	0	0	0	0	0	0	0	0	0	0	0	0	0	0	0	0	0		}
		3		3		30319	1		100		3			27992		2				27993			2				27994			2				0			0				0			0				0	0	0	0	0	0	0	0	0	0	0	0	0	0	0	0	0	0	0	0	0	0	0	0	0	0	0	0	0	0	0		}
		4		4		30179	1		100		3			27992		2				27993			2				27994			2				0			0				0			0				0	0	0	0	0	0	0	0	0	0	0	0	0	0	0	0	0	0	0	0	0	0	0	0	0	0	0	0	0	0	0		}
		5		5		71095	1		100		3			27992		2				27993			2				27994			2				0			0				0			0				0	0	0	0	0	0	0	0	0	0	0	0	0	0	0	0	0	0	0	0	0	0	0	0	0	0	0	0	0	0	0		}
		6		6		71095	1		100		3			27992		2				27993			2				27994			2				0			0				0			0				0	0	0	0	0	0	0	0	0	0	0	0	0	0	0	0	0	0	0	0	0	0	0	0	0	0	0	0	0	0	0		}
		7		7		30613	1		100		3			27992		2				27993			2				27994			2				0			0				0			0				0	0	0	0	0	0	0	0	0	0	0	0	0	0	0	0	0	0	0	0	0	0	0	0	0	0	0	0	0	0	0		}
	}
}
Group Potions
{
	Vnum	108
	Name	I
	Sort	Original
	Group Items
	{
		#--#	index	vnum	count	price	price_type	price_vnum0	price_count0	price_vnum1	price_count1	price_vnum2	price_count2	price_vnum3	price_count3	price_vnum4	price_count4	socket0 socket1 socket2 socket3 socket4 socket5 attr_type0 attr_value0 attr_type1 attr_value1 attr_type2 attr_value2 attr_type3 attr_value3 attr_type4 attr_value4 attr_type5 attr_value5 attr_type6 attr_value6	
		1		1		27001	5		160		1			0		0				0			0				0			0				0			0				0			0				0	0	0	0	0	0	0	0	0	0	0	0	0	0	0	0	0	0	0	0	0	0	0	0	0	0	0	0	0	0	0		}
		2		2		27001	20		640		1			0		0				0			0				0			0				0			0				0			0				0	0	0	0	0	0	0	0	0	0	0	0	0	0	0	0	0	0	0	0	0	0	0	0	0	0	0	0	0	0	0		}
		3		3		27001	200		6400		1			0		0				0			0				0			0				0			0				0			0				0	0	0	0	0	0	0	0	0	0	0	0	0	0	0	0	0	0	0	0	0	0	0	0	0	0	0	0	0	0	0		}
		4		4		27002	5		480		1			0		0				0			0				0			0				0			0				0			0				0	0	0	0	0	0	0	0	0	0	0	0	0	0	0	0	0	0	0	0	0	0	0	0	0	0	0	0	0	0	0		}
		5		5		27002	20		1920		1			0		0				0			0				0			0				0			0				0			0				0	0	0	0	0	0	0	0	0	0	0	0	0	0	0	0	0	0	0	0	0	0	0	0	0	0	0	0	0	0	0		}
		6		6		27002	200		19200		1			0		0				0			0				0			0				0			0				0			0				0	0	0	0	0	0	0	0	0	0	0	0	0	0	0	0	0	0	0	0	0	0	0	0	0	0	0	0	0	0	0		}
		7		7		27003	5		800		1			0		0				0			0				0			0				0			0				0			0				0	0	0	0	0	0	0	0	0	0	0	0	0	0	0	0	0	0	0	0	0	0	0	0	0	0	0	0	0	0	0		}
		8		8		27003	20		3200		1			0		0				0			0				0			0				0			0				0			0				0	0	0	0	0	0	0	0	0	0	0	0	0	0	0	0	0	0	0	0	0	0	0	0	0	0	0	0	0	0	0		}
		9		9		27003	200		32000		1			0		0				0			0				0			0				0			0				0			0				0	0	0	0	0	0	0	0	0	0	0	0	0	0	0	0	0	0	0	0	0	0	0	0	0	0	0	0	0	0	0		}
		10		10		27007	5		2000		1			0		0				0			0				0			0				0			0				0			0				0	0	0	0	0	0	0	0	0	0	0	0	0	0	0	0	0	0	0	0	0	0	0	0	0	0	0	0	0	0	0		}
		11		11		27007	20		8000		1			0		0				0			0				0			0				0			0				0			0				0	0	0	0	0	0	0	0	0	0	0	0	0	0	0	0	0	0	0	0	0	0	0	0	0	0	0	0	0	0	0		}
		12		12		27007	200		80000		1			0		0				0			0				0			0				0			0				0			0				0	0	0	0	0	0	0	0	0	0	0	0	0	0	0	0	0	0	0	0	0	0	0	0	0	0	0	0	0	0	0		}
		13		13		27004	5		480		1			0		0				0			0				0			0				0			0				0			0				0	0	0	0	0	0	0	0	0	0	0	0	0	0	0	0	0	0	0	0	0	0	0	0	0	0	0	0	0	0	0		}
		14		14		27004	20		1920		1			0		0				0			0				0			0				0			0				0			0				0	0	0	0	0	0	0	0	0	0	0	0	0	0	0	0	0	0	0	0	0	0	0	0	0	0	0	0	0	0	0		}
		15		15		27004	200		19200		1			0		0				0			0				0			0				0			0				0			0				0	0	0	0	0	0	0	0	0	0	0	0	0	0	0	0	0	0	0	0	0	0	0	0	0	0	0	0	0	0	0		}
		16		16		27005	5		1440		1			0		0				0			0				0			0				0			0				0			0				0	0	0	0	0	0	0	0	0	0	0	0	0	0	0	0	0	0	0	0	0	0	0	0	0	0	0	0	0	0	0		}
		17		17		27005	20		5760		1			0		0				0			0				0			0				0			0				0			0				0	0	0	0	0	0	0	0	0	0	0	0	0	0	0	0	0	0	0	0	0	0	0	0	0	0	0	0	0	0	0		}
		18		18		27005	200		57600		1			0		0				0			0				0			0				0			0				0			0				0	0	0	0	0	0	0	0	0	0	0	0	0	0	0	0	0	0	0	0	0	0	0	0	0	0	0	0	0	0	0		}
		19		19		27006	5		2400		1			0		0				0			0				0			0				0			0				0			0				0	0	0	0	0	0	0	0	0	0	0	0	0	0	0	0	0	0	0	0	0	0	0	0	0	0	0	0	0	0	0		}
		20		20		27006	20		9600		1			0		0				0			0				0			0				0			0				0			0				0	0	0	0	0	0	0	0	0	0	0	0	0	0	0	0	0	0	0	0	0	0	0	0	0	0	0	0	0	0	0		}
		21		21		27006	200		96000		1			0		0				0			0				0			0				0			0				0			0				0	0	0	0	0	0	0	0	0	0	0	0	0	0	0	0	0	0	0	0	0	0	0	0	0	0	0	0	0	0	0		}
		22		22		27008	5		4800		1			0		0				0			0				0			0				0			0				0			0				0	0	0	0	0	0	0	0	0	0	0	0	0	0	0	0	0	0	0	0	0	0	0	0	0	0	0	0	0	0	0		}
		23		23		27008	20		19200		1			0		0				0			0				0			0				0			0				0			0				0	0	0	0	0	0	0	0	0	0	0	0	0	0	0	0	0	0	0	0	0	0	0	0	0	0	0	0	0	0	0		}
		24		24		27008	200		192000		1			0		0				0			0				0			0				0			0				0			0				0	0	0	0	0	0	0	0	0	0	0	0	0	0	0	0	0	0	0	0	0	0	0	0	0	0	0	0	0	0	0		}
	}
}
Group Statistics
{
	Vnum	109
	Name	II
	Sort	Original
	Group Items
	{
		#--#	index	vnum	count	price	price_type	price_vnum0	price_count0	price_vnum1	price_count1	price_vnum2	price_count2	price_vnum3	price_count3	price_vnum4	price_count4	socket0 socket1 socket2 socket3 socket4 socket5 attr_type0 attr_value0 attr_type1 attr_value1 attr_type2 attr_value2 attr_type3 attr_value3 attr_type4 attr_value4 attr_type5 attr_value5 attr_type6 attr_value6	
		1		1		50263	1		100000		1			0		0				0			0				0			0				0			0				0			0				0	0	0	0	0	0	0	0	0	0	0	0	0	0	0	0	0	0	0	0	0	0	0	0	0	0	0	0	0	0	0		}
		2		2		50264	1		300000		1			0		0				0			0				0			0				0			0				0			0				0	0	0	0	0	0	0	0	0	0	0	0	0	0	0	0	0	0	0	0	0	0	0	0	0	0	0	0	0	0	0		}
		3		3		70063	1		200000		1			0		0				0			0				0			0				0			0				0			0				0	0	0	0	0	0	0	0	0	0	0	0	0	0	0	0	0	0	0	0	0	0	0	0	0	0	0	0	0	0	0		}
		4		4		70064	1		400000		1			0		0				0			0				0			0				0			0				0			0				0	0	0	0	0	0	0	0	0	0	0	0	0	0	0	0	0	0	0	0	0	0	0	0	0	0	0	0	0	0	0		}
		5		5		50901	10		150000		1			0		0				0			0				0			0				0			0				0			0				0	0	0	0	0	0	0	0	0	0	0	0	0	0	0	0	0	0	0	0	0	0	0	0	0	0	0	0	0	0	0		}
		6		6		71103	1		2500000		1			0		0				0			0				0			0				0			0				0			0				0	0	0	0	0	0	0	0	0	0	0	0	0	0	0	0	0	0	0	0	0	0	0	0	0	0	0	0	0	0	0		}
		7		7		71104	1		2500000		1			0		0				0			0				0			0				0			0				0			0				0	0	0	0	0	0	0	0	0	0	0	0	0	0	0	0	0	0	0	0	0	0	0	0	0	0	0	0	0	0	0		}
		8		8		71105	1		2500000		1			0		0				0			0				0			0				0			0				0			0				0	0	0	0	0	0	0	0	0	0	0	0	0	0	0	0	0	0	0	0	0	0	0	0	0	0	0	0	0	0	0		}
		9		9		71106	1		2500000		1			0		0				0			0				0			0				0			0				0			0				0	0	0	0	0	0	0	0	0	0	0	0	0	0	0	0	0	0	0	0	0	0	0	0	0	0	0	0	0	0	0		}
		10		10		71002	1		5000000		1			0		0				0			0				0			0				0			0				0			0				0	0	0	0	0	0	0	0	0	0	0	0	0	0	0	0	0	0	0	0	0	0	0	0	0	0	0	0	0	0	0		}
		11		11		71100	1		5000000		1			0		0				0			0				0			0				0			0				0			0				0	0	0	0	0	0	0	0	0	0	0	0	0	0	0	0	0	0	0	0	0	0	0	0	0	0	0	0	0	0	0		}
		12		12		71003	1		2500000		1			0		0				0			0				0			0				0			0				0			0				0	0	0	0	0	0	0	0	0	0	0	0	0	0	0	0	0	0	0	0	0	0	0	0	0	0	0	0	0	0	0		}
		13		13		71109	1		1000000		1			0		0				0			0				0			0				0			0				0			0				0	0	0	0	0	0	0	0	0	0	0	0	0	0	0	0	0	0	0	0	0	0	0	0	0	0	0	0	0	0	0		}
		14		14		25100	1		500000		1			0		0				0			0				0			0				0			0				0			0				0	0	0	0	0	0	0	0	0	0	0	0	0	0	0	0	0	0	0	0	0	0	0	0	0	0	0	0	0	0	0		}
		15		15		71083	1		250000		1			0		0				0			0				0			0				0			0				0			0				0	0	0	0	0	0	0	0	0	0	0	0	0	0	0	0	0	0	0	0	0	0	0	0	0	0	0	0	0	0	0		}
		16		16		22010	1		100000		1			0		0				0			0				0			0				0			0				0			0				0	0	0	0	0	0	0	0	0	0	0	0	0	0	0	0	0	0	0	0	0	0	0	0	0	0	0	0	0	0	0		}
		17		17		22010	20		2000000		1			0		0				0			0				0			0				0			0				0			0				0	0	0	0	0	0	0	0	0	0	0	0	0	0	0	0	0	0	0	0	0	0	0	0	0	0	0	0	0	0	0		}
		18		18		71009	1		5000000		1			0		0				0			0				0			0				0			0				0			0				0	0	0	0	0	0	0	0	0	0	0	0	0	0	0	0	0	0	0	0	0	0	0	0	0	0	0	0	0	0	0		}
	}
}
Group EQWarrior
{
	Vnum	110
	Name	I
	Sort	Original
	Group Items
	{
		#--#	index	vnum	count	price	price_type	price_vnum0	price_count0	price_vnum1	price_count1	price_vnum2	price_count2	price_vnum3	price_count3	price_vnum4	price_count4	socket0 socket1 socket2 socket3 socket4 socket5 attr_type0 attr_value0 attr_type1 attr_value1 attr_type2 attr_value2 attr_type3 attr_value3 attr_type4 attr_value4 attr_type5 attr_value5 attr_type6 attr_value6	
##
# Armors
##
		1		1		11209	1		250000		1			0		0				0			0				0			0				0			0				0			0				0	0	0	0	0	0	0	0	0	0	0	0	0	0	0	0	0	0	0	0	0	0	0	0	0	0	0	0	0	0	0		}
		2		2		11219	1		500000		1			0		0				0			0				0			0				0			0				0			0				0	0	0	0	0	0	0	0	0	0	0	0	0	0	0	0	0	0	0	0	0	0	0	0	0	0	0	0	0	0	0		}
		3		3		11229	1		750000		1			0		0				0			0				0			0				0			0				0			0				0	0	0	0	0	0	0	0	0	0	0	0	0	0	0	0	0	0	0	0	0	0	0	0	0	0	0	0	0	0	0		}
		4		4		11230	1		1000000		1			0		0				0			0				0			0				0			0				0			0				0	0	0	0	0	0	0	0	0	0	0	0	0	0	0	0	0	0	0	0	0	0	0	0	0	0	0	0	0	0	0		}
		5		5		11240	1		1250000		1			0		0				0			0				0			0				0			0				0			0				0	0	0	0	0	0	0	0	0	0	0	0	0	0	0	0	0	0	0	0	0	0	0	0	0	0	0	0	0	0	0		}
##
# Necklaces
##
		6		11		16009	1		250000		1			0		0				0			0				0			0				0			0				0			0				0	0	0	0	0	0	0	0	0	0	0	0	0	0	0	0	0	0	0	0	0	0	0	0	0	0	0	0	0	0	0		}
		7		12		16020	1		500000		1			0		0				0			0				0			0				0			0				0			0				0	0	0	0	0	0	0	0	0	0	0	0	0	0	0	0	0	0	0	0	0	0	0	0	0	0	0	0	0	0	0		}
		8		13		16040	1		750000		1			0		0				0			0				0			0				0			0				0			0				0	0	0	0	0	0	0	0	0	0	0	0	0	0	0	0	0	0	0	0	0	0	0	0	0	0	0	0	0	0	0		}
		9		14		16060	1		1000000		1			0		0				0			0				0			0				0			0				0			0				0	0	0	0	0	0	0	0	0	0	0	0	0	0	0	0	0	0	0	0	0	0	0	0	0	0	0	0	0	0	0		}
		10		15		16080	1		1500000		1			0		0				0			0				0			0				0			0				0			0				0	0	0	0	0	0	0	0	0	0	0	0	0	0	0	0	0	0	0	0	0	0	0	0	0	0	0	0	0	0	0		}
##
# Bracelets
##
		11		16		14009	1		250000		1			0		0				0			0				0			0				0			0				0			0				0	0	0	0	0	0	0	0	0	0	0	0	0	0	0	0	0	0	0	0	0	0	0	0	0	0	0	0	0	0	0		}
		12		17		14020	1		500000		1			0		0				0			0				0			0				0			0				0			0				0	0	0	0	0	0	0	0	0	0	0	0	0	0	0	0	0	0	0	0	0	0	0	0	0	0	0	0	0	0	0		}
		13		18		14040	1		750000		1			0		0				0			0				0			0				0			0				0			0				0	0	0	0	0	0	0	0	0	0	0	0	0	0	0	0	0	0	0	0	0	0	0	0	0	0	0	0	0	0	0		}
		14		19		14060	1		1000000		1			0		0				0			0				0			0				0			0				0			0				0	0	0	0	0	0	0	0	0	0	0	0	0	0	0	0	0	0	0	0	0	0	0	0	0	0	0	0	0	0	0		}
		15		20		14080	1		1500000		1			0		0				0			0				0			0				0			0				0			0				0	0	0	0	0	0	0	0	0	0	0	0	0	0	0	0	0	0	0	0	0	0	0	0	0	0	0	0	0	0	0		}
##
# Shoes
##
		16		21		15009	1		250000		1			0		0				0			0				0			0				0			0				0			0				0	0	0	0	0	0	0	0	0	0	0	0	0	0	0	0	0	0	0	0	0	0	0	0	0	0	0	0	0	0	0		}
		17		22		15020	1		500000		1			0		0				0			0				0			0				0			0				0			0				0	0	0	0	0	0	0	0	0	0	0	0	0	0	0	0	0	0	0	0	0	0	0	0	0	0	0	0	0	0	0		}
		18		23		15040	1		750000		1			0		0				0			0				0			0				0			0				0			0				0	0	0	0	0	0	0	0	0	0	0	0	0	0	0	0	0	0	0	0	0	0	0	0	0	0	0	0	0	0	0		}
		19		24		15060	1		1000000		1			0		0				0			0				0			0				0			0				0			0				0	0	0	0	0	0	0	0	0	0	0	0	0	0	0	0	0	0	0	0	0	0	0	0	0	0	0	0	0	0	0		}
		20		25		15080	1		1500000		1			0		0				0			0				0			0				0			0				0			0				0	0	0	0	0	0	0	0	0	0	0	0	0	0	0	0	0	0	0	0	0	0	0	0	0	0	0	0	0	0	0		}
##
# Helmets
##
		21		26		12209	1		250000		1			0		0				0			0				0			0				0			0				0			0				0	0	0	0	0	0	0	0	0	0	0	0	0	0	0	0	0	0	0	0	0	0	0	0	0	0	0	0	0	0	0		}
		22		27		12220	1		500000		1			0		0				0			0				0			0				0			0				0			0				0	0	0	0	0	0	0	0	0	0	0	0	0	0	0	0	0	0	0	0	0	0	0	0	0	0	0	0	0	0	0		}
		23		28		12240	1		1000000		1			0		0				0			0				0			0				0			0				0			0				0	0	0	0	0	0	0	0	0	0	0	0	0	0	0	0	0	0	0	0	0	0	0	0	0	0	0	0	0	0	0		}
##
# Earrings
##
		24		29		17009	1		250000		1			0		0				0			0				0			0				0			0				0			0				0	0	0	0	0	0	0	0	0	0	0	0	0	0	0	0	0	0	0	0	0	0	0	0	0	0	0	0	0	0	0		}
		25		30		17020	1		500000		1			0		0				0			0				0			0				0			0				0			0				0	0	0	0	0	0	0	0	0	0	0	0	0	0	0	0	0	0	0	0	0	0	0	0	0	0	0	0	0	0	0		}
##
# Shields
##
		26		31		13009	1		250000		1			0		0				0			0				0			0				0			0				0			0				0	0	0	0	0	0	0	0	0	0	0	0	0	0	0	0	0	0	0	0	0	0	0	0	0	0	0	0	0	0	0		}
		27		32		13020	1		500000		1			0		0				0			0				0			0				0			0				0			0				0	0	0	0	0	0	0	0	0	0	0	0	0	0	0	0	0	0	0	0	0	0	0	0	0	0	0	0	0	0	0		}
	}
}
Group EQSura
{
	Vnum	111
	Name	II
	Sort	Original
	Group Items
	{
		#--#	index	vnum	count	price	price_type	price_vnum0	price_count0	price_vnum1	price_count1	price_vnum2	price_count2	price_vnum3	price_count3	price_vnum4	price_count4	socket0 socket1 socket2 socket3 socket4 socket5 attr_type0 attr_value0 attr_type1 attr_value1 attr_type2 attr_value2 attr_type3 attr_value3 attr_type4 attr_value4 attr_type5 attr_value5 attr_type6 attr_value6	
##
# Armors
##
		1		1		11609	1		250000		1			0		0				0			0				0			0				0			0				0			0				0	0	0	0	0	0	0	0	0	0	0	0	0	0	0	0	0	0	0	0	0	0	0	0	0	0	0	0	0	0	0		}
		2		2		11619	1		500000		1			0		0				0			0				0			0				0			0				0			0				0	0	0	0	0	0	0	0	0	0	0	0	0	0	0	0	0	0	0	0	0	0	0	0	0	0	0	0	0	0	0		}
		3		3		11629	1		750000		1			0		0				0			0				0			0				0			0				0			0				0	0	0	0	0	0	0	0	0	0	0	0	0	0	0	0	0	0	0	0	0	0	0	0	0	0	0	0	0	0	0		}
		4		4		11630	1		1000000		1			0		0				0			0				0			0				0			0				0			0				0	0	0	0	0	0	0	0	0	0	0	0	0	0	0	0	0	0	0	0	0	0	0	0	0	0	0	0	0	0	0		}
		5		5		11640	1		1250000		1			0		0				0			0				0			0				0			0				0			0				0	0	0	0	0	0	0	0	0	0	0	0	0	0	0	0	0	0	0	0	0	0	0	0	0	0	0	0	0	0	0		}
##
# Necklaces
##
		6		11		16009	1		250000		1			0		0				0			0				0			0				0			0				0			0				0	0	0	0	0	0	0	0	0	0	0	0	0	0	0	0	0	0	0	0	0	0	0	0	0	0	0	0	0	0	0		}
		7		12		16020	1		500000		1			0		0				0			0				0			0				0			0				0			0				0	0	0	0	0	0	0	0	0	0	0	0	0	0	0	0	0	0	0	0	0	0	0	0	0	0	0	0	0	0	0		}
		8		13		16040	1		750000		1			0		0				0			0				0			0				0			0				0			0				0	0	0	0	0	0	0	0	0	0	0	0	0	0	0	0	0	0	0	0	0	0	0	0	0	0	0	0	0	0	0		}
		9		14		16060	1		1000000		1			0		0				0			0				0			0				0			0				0			0				0	0	0	0	0	0	0	0	0	0	0	0	0	0	0	0	0	0	0	0	0	0	0	0	0	0	0	0	0	0	0		}
		10		15		16080	1		1500000		1			0		0				0			0				0			0				0			0				0			0				0	0	0	0	0	0	0	0	0	0	0	0	0	0	0	0	0	0	0	0	0	0	0	0	0	0	0	0	0	0	0		}
##
# Bracelets
##
		11		16		14009	1		250000		1			0		0				0			0				0			0				0			0				0			0				0	0	0	0	0	0	0	0	0	0	0	0	0	0	0	0	0	0	0	0	0	0	0	0	0	0	0	0	0	0	0		}
		12		17		14020	1		500000		1			0		0				0			0				0			0				0			0				0			0				0	0	0	0	0	0	0	0	0	0	0	0	0	0	0	0	0	0	0	0	0	0	0	0	0	0	0	0	0	0	0		}
		13		18		14040	1		750000		1			0		0				0			0				0			0				0			0				0			0				0	0	0	0	0	0	0	0	0	0	0	0	0	0	0	0	0	0	0	0	0	0	0	0	0	0	0	0	0	0	0		}
		14		19		14060	1		1000000		1			0		0				0			0				0			0				0			0				0			0				0	0	0	0	0	0	0	0	0	0	0	0	0	0	0	0	0	0	0	0	0	0	0	0	0	0	0	0	0	0	0		}
		15		20		14080	1		1500000		1			0		0				0			0				0			0				0			0				0			0				0	0	0	0	0	0	0	0	0	0	0	0	0	0	0	0	0	0	0	0	0	0	0	0	0	0	0	0	0	0	0		}
##
# Shoes
##
		16		21		15009	1		250000		1			0		0				0			0				0			0				0			0				0			0				0	0	0	0	0	0	0	0	0	0	0	0	0	0	0	0	0	0	0	0	0	0	0	0	0	0	0	0	0	0	0		}
		17		22		15020	1		500000		1			0		0				0			0				0			0				0			0				0			0				0	0	0	0	0	0	0	0	0	0	0	0	0	0	0	0	0	0	0	0	0	0	0	0	0	0	0	0	0	0	0		}
		18		23		15040	1		750000		1			0		0				0			0				0			0				0			0				0			0				0	0	0	0	0	0	0	0	0	0	0	0	0	0	0	0	0	0	0	0	0	0	0	0	0	0	0	0	0	0	0		}
		19		24		15060	1		1000000		1			0		0				0			0				0			0				0			0				0			0				0	0	0	0	0	0	0	0	0	0	0	0	0	0	0	0	0	0	0	0	0	0	0	0	0	0	0	0	0	0	0		}
		20		25		15080	1		1500000		1			0		0				0			0				0			0				0			0				0			0				0	0	0	0	0	0	0	0	0	0	0	0	0	0	0	0	0	0	0	0	0	0	0	0	0	0	0	0	0	0	0		}
##
# Helmets
##
		21		26		12489	1		250000		1			0		0				0			0				0			0				0			0				0			0				0	0	0	0	0	0	0	0	0	0	0	0	0	0	0	0	0	0	0	0	0	0	0	0	0	0	0	0	0	0	0		}
		22		27		12500	1		500000		1			0		0				0			0				0			0				0			0				0			0				0	0	0	0	0	0	0	0	0	0	0	0	0	0	0	0	0	0	0	0	0	0	0	0	0	0	0	0	0	0	0		}
		23		28		12520	1		1000000		1			0		0				0			0				0			0				0			0				0			0				0	0	0	0	0	0	0	0	0	0	0	0	0	0	0	0	0	0	0	0	0	0	0	0	0	0	0	0	0	0	0		}
##
# Earrings
##
		24		29		17009	1		250000		1			0		0				0			0				0			0				0			0				0			0				0	0	0	0	0	0	0	0	0	0	0	0	0	0	0	0	0	0	0	0	0	0	0	0	0	0	0	0	0	0	0		}
		25		30		17060	1		500000		1			0		0				0			0				0			0				0			0				0			0				0	0	0	0	0	0	0	0	0	0	0	0	0	0	0	0	0	0	0	0	0	0	0	0	0	0	0	0	0	0	0		}
##
# Shields
##
		26		31		13009	1		250000		1			0		0				0			0				0			0				0			0				0			0				0	0	0	0	0	0	0	0	0	0	0	0	0	0	0	0	0	0	0	0	0	0	0	0	0	0	0	0	0	0	0		}
		27		32		13020	1		500000		1			0		0				0			0				0			0				0			0				0			0				0	0	0	0	0	0	0	0	0	0	0	0	0	0	0	0	0	0	0	0	0	0	0	0	0	0	0	0	0	0	0		}
	}
}
Group EQNinja
{
	Vnum	112
	Name	III
	Sort	Original
	Group Items
	{
		#--#	index	vnum	count	price	price_type	price_vnum0	price_count0	price_vnum1	price_count1	price_vnum2	price_count2	price_vnum3	price_count3	price_vnum4	price_count4	socket0 socket1 socket2 socket3 socket4 socket5 attr_type0 attr_value0 attr_type1 attr_value1 attr_type2 attr_value2 attr_type3 attr_value3 attr_type4 attr_value4 attr_type5 attr_value5 attr_type6 attr_value6	
##
# Armors
##
		1		1		11409	1		250000		1			0		0				0			0				0			0				0			0				0			0				0	0	0	0	0	0	0	0	0	0	0	0	0	0	0	0	0	0	0	0	0	0	0	0	0	0	0	0	0	0	0		}
		2		2		11419	1		500000		1			0		0				0			0				0			0				0			0				0			0				0	0	0	0	0	0	0	0	0	0	0	0	0	0	0	0	0	0	0	0	0	0	0	0	0	0	0	0	0	0	0		}
		3		3		11429	1		750000		1			0		0				0			0				0			0				0			0				0			0				0	0	0	0	0	0	0	0	0	0	0	0	0	0	0	0	0	0	0	0	0	0	0	0	0	0	0	0	0	0	0		}
		4		4		11430	1		1000000		1			0		0				0			0				0			0				0			0				0			0				0	0	0	0	0	0	0	0	0	0	0	0	0	0	0	0	0	0	0	0	0	0	0	0	0	0	0	0	0	0	0		}
		5		5		11440	1		1250000		1			0		0				0			0				0			0				0			0				0			0				0	0	0	0	0	0	0	0	0	0	0	0	0	0	0	0	0	0	0	0	0	0	0	0	0	0	0	0	0	0	0		}
##
# Necklaces
##
		6		11		16009	1		250000		1			0		0				0			0				0			0				0			0				0			0				0	0	0	0	0	0	0	0	0	0	0	0	0	0	0	0	0	0	0	0	0	0	0	0	0	0	0	0	0	0	0		}
		7		12		16020	1		500000		1			0		0				0			0				0			0				0			0				0			0				0	0	0	0	0	0	0	0	0	0	0	0	0	0	0	0	0	0	0	0	0	0	0	0	0	0	0	0	0	0	0		}
		8		13		16040	1		750000		1			0		0				0			0				0			0				0			0				0			0				0	0	0	0	0	0	0	0	0	0	0	0	0	0	0	0	0	0	0	0	0	0	0	0	0	0	0	0	0	0	0		}
		9		14		16060	1		1000000		1			0		0				0			0				0			0				0			0				0			0				0	0	0	0	0	0	0	0	0	0	0	0	0	0	0	0	0	0	0	0	0	0	0	0	0	0	0	0	0	0	0		}
		10		15		16080	1		1500000		1			0		0				0			0				0			0				0			0				0			0				0	0	0	0	0	0	0	0	0	0	0	0	0	0	0	0	0	0	0	0	0	0	0	0	0	0	0	0	0	0	0		}
##
# Bracelets
##
		11		16		14009	1		250000		1			0		0				0			0				0			0				0			0				0			0				0	0	0	0	0	0	0	0	0	0	0	0	0	0	0	0	0	0	0	0	0	0	0	0	0	0	0	0	0	0	0		}
		12		17		14020	1		500000		1			0		0				0			0				0			0				0			0				0			0				0	0	0	0	0	0	0	0	0	0	0	0	0	0	0	0	0	0	0	0	0	0	0	0	0	0	0	0	0	0	0		}
		13		18		14040	1		750000		1			0		0				0			0				0			0				0			0				0			0				0	0	0	0	0	0	0	0	0	0	0	0	0	0	0	0	0	0	0	0	0	0	0	0	0	0	0	0	0	0	0		}
		14		19		14060	1		1000000		1			0		0				0			0				0			0				0			0				0			0				0	0	0	0	0	0	0	0	0	0	0	0	0	0	0	0	0	0	0	0	0	0	0	0	0	0	0	0	0	0	0		}
		15		20		14080	1		1500000		1			0		0				0			0				0			0				0			0				0			0				0	0	0	0	0	0	0	0	0	0	0	0	0	0	0	0	0	0	0	0	0	0	0	0	0	0	0	0	0	0	0		}
##
# Shoes
##
		16		21		15009	1		250000		1			0		0				0			0				0			0				0			0				0			0				0	0	0	0	0	0	0	0	0	0	0	0	0	0	0	0	0	0	0	0	0	0	0	0	0	0	0	0	0	0	0		}
		17		22		15020	1		500000		1			0		0				0			0				0			0				0			0				0			0				0	0	0	0	0	0	0	0	0	0	0	0	0	0	0	0	0	0	0	0	0	0	0	0	0	0	0	0	0	0	0		}
		18		23		15040	1		750000		1			0		0				0			0				0			0				0			0				0			0				0	0	0	0	0	0	0	0	0	0	0	0	0	0	0	0	0	0	0	0	0	0	0	0	0	0	0	0	0	0	0		}
		19		24		15060	1		1000000		1			0		0				0			0				0			0				0			0				0			0				0	0	0	0	0	0	0	0	0	0	0	0	0	0	0	0	0	0	0	0	0	0	0	0	0	0	0	0	0	0	0		}
		20		25		15080	1		1500000		1			0		0				0			0				0			0				0			0				0			0				0	0	0	0	0	0	0	0	0	0	0	0	0	0	0	0	0	0	0	0	0	0	0	0	0	0	0	0	0	0	0		}
##
# Helmets
##
		21		26		12349	1		250000		1			0		0				0			0				0			0				0			0				0			0				0	0	0	0	0	0	0	0	0	0	0	0	0	0	0	0	0	0	0	0	0	0	0	0	0	0	0	0	0	0	0		}
		22		27		12360	1		500000		1			0		0				0			0				0			0				0			0				0			0				0	0	0	0	0	0	0	0	0	0	0	0	0	0	0	0	0	0	0	0	0	0	0	0	0	0	0	0	0	0	0		}
		23		28		12380	1		1000000		1			0		0				0			0				0			0				0			0				0			0				0	0	0	0	0	0	0	0	0	0	0	0	0	0	0	0	0	0	0	0	0	0	0	0	0	0	0	0	0	0	0		}
##
# Earrings
##
		24		29		17009	1		250000		1			0		0				0			0				0			0				0			0				0			0				0	0	0	0	0	0	0	0	0	0	0	0	0	0	0	0	0	0	0	0	0	0	0	0	0	0	0	0	0	0	0		}
		25		30		17020	1		500000		1			0		0				0			0				0			0				0			0				0			0				0	0	0	0	0	0	0	0	0	0	0	0	0	0	0	0	0	0	0	0	0	0	0	0	0	0	0	0	0	0	0		}
##
# Shields
##
		26		31		13009	1		250000		1			0		0				0			0				0			0				0			0				0			0				0	0	0	0	0	0	0	0	0	0	0	0	0	0	0	0	0	0	0	0	0	0	0	0	0	0	0	0	0	0	0		}
		27		32		13020	1		500000		1			0		0				0			0				0			0				0			0				0			0				0	0	0	0	0	0	0	0	0	0	0	0	0	0	0	0	0	0	0	0	0	0	0	0	0	0	0	0	0	0	0		}
	}
}
Group EQShamane
{
	Vnum	113
	Name	IV
	Sort	Original
	Group Items
	{
		#--#	index	vnum	count	price	price_type	price_vnum0	price_count0	price_vnum1	price_count1	price_vnum2	price_count2	price_vnum3	price_count3	price_vnum4	price_count4	socket0 socket1 socket2 socket3 socket4 socket5 attr_type0 attr_value0 attr_type1 attr_value1 attr_type2 attr_value2 attr_type3 attr_value3 attr_type4 attr_value4 attr_type5 attr_value5 attr_type6 attr_value6	
##
# Armors
##
		1		1		11809	1		250000		1			0		0				0			0				0			0				0			0				0			0				0	0	0	0	0	0	0	0	0	0	0	0	0	0	0	0	0	0	0	0	0	0	0	0	0	0	0	0	0	0	0		}
		2		2		11819	1		500000		1			0		0				0			0				0			0				0			0				0			0				0	0	0	0	0	0	0	0	0	0	0	0	0	0	0	0	0	0	0	0	0	0	0	0	0	0	0	0	0	0	0		}
		3		3		11829	1		750000		1			0		0				0			0				0			0				0			0				0			0				0	0	0	0	0	0	0	0	0	0	0	0	0	0	0	0	0	0	0	0	0	0	0	0	0	0	0	0	0	0	0		}
		4		4		11830	1		1000000		1			0		0				0			0				0			0				0			0				0			0				0	0	0	0	0	0	0	0	0	0	0	0	0	0	0	0	0	0	0	0	0	0	0	0	0	0	0	0	0	0	0		}
		5		5		11840	1		1250000		1			0		0				0			0				0			0				0			0				0			0				0	0	0	0	0	0	0	0	0	0	0	0	0	0	0	0	0	0	0	0	0	0	0	0	0	0	0	0	0	0	0		}
##
# Necklaces
##
		6		11		16009	1		250000		1			0		0				0			0				0			0				0			0				0			0				0	0	0	0	0	0	0	0	0	0	0	0	0	0	0	0	0	0	0	0	0	0	0	0	0	0	0	0	0	0	0		}
		7		12		16020	1		500000		1			0		0				0			0				0			0				0			0				0			0				0	0	0	0	0	0	0	0	0	0	0	0	0	0	0	0	0	0	0	0	0	0	0	0	0	0	0	0	0	0	0		}
		8		13		16040	1		750000		1			0		0				0			0				0			0				0			0				0			0				0	0	0	0	0	0	0	0	0	0	0	0	0	0	0	0	0	0	0	0	0	0	0	0	0	0	0	0	0	0	0		}
		9		14		16060	1		1000000		1			0		0				0			0				0			0				0			0				0			0				0	0	0	0	0	0	0	0	0	0	0	0	0	0	0	0	0	0	0	0	0	0	0	0	0	0	0	0	0	0	0		}
		10		15		16080	1		1500000		1			0		0				0			0				0			0				0			0				0			0				0	0	0	0	0	0	0	0	0	0	0	0	0	0	0	0	0	0	0	0	0	0	0	0	0	0	0	0	0	0	0		}
##
# Bracelets
##
		11		16		14009	1		250000		1			0		0				0			0				0			0				0			0				0			0				0	0	0	0	0	0	0	0	0	0	0	0	0	0	0	0	0	0	0	0	0	0	0	0	0	0	0	0	0	0	0		}
		12		17		14020	1		500000		1			0		0				0			0				0			0				0			0				0			0				0	0	0	0	0	0	0	0	0	0	0	0	0	0	0	0	0	0	0	0	0	0	0	0	0	0	0	0	0	0	0		}
		13		18		14040	1		750000		1			0		0				0			0				0			0				0			0				0			0				0	0	0	0	0	0	0	0	0	0	0	0	0	0	0	0	0	0	0	0	0	0	0	0	0	0	0	0	0	0	0		}
		14		19		14060	1		1000000		1			0		0				0			0				0			0				0			0				0			0				0	0	0	0	0	0	0	0	0	0	0	0	0	0	0	0	0	0	0	0	0	0	0	0	0	0	0	0	0	0	0		}
		15		20		14080	1		1500000		1			0		0				0			0				0			0				0			0				0			0				0	0	0	0	0	0	0	0	0	0	0	0	0	0	0	0	0	0	0	0	0	0	0	0	0	0	0	0	0	0	0		}
##
# Shoes
##
		16		21		15009	1		250000		1			0		0				0			0				0			0				0			0				0			0				0	0	0	0	0	0	0	0	0	0	0	0	0	0	0	0	0	0	0	0	0	0	0	0	0	0	0	0	0	0	0		}
		17		22		15020	1		500000		1			0		0				0			0				0			0				0			0				0			0				0	0	0	0	0	0	0	0	0	0	0	0	0	0	0	0	0	0	0	0	0	0	0	0	0	0	0	0	0	0	0		}
		18		23		15040	1		750000		1			0		0				0			0				0			0				0			0				0			0				0	0	0	0	0	0	0	0	0	0	0	0	0	0	0	0	0	0	0	0	0	0	0	0	0	0	0	0	0	0	0		}
		19		24		15060	1		1000000		1			0		0				0			0				0			0				0			0				0			0				0	0	0	0	0	0	0	0	0	0	0	0	0	0	0	0	0	0	0	0	0	0	0	0	0	0	0	0	0	0	0		}
		20		25		15080	1		1500000		1			0		0				0			0				0			0				0			0				0			0				0	0	0	0	0	0	0	0	0	0	0	0	0	0	0	0	0	0	0	0	0	0	0	0	0	0	0	0	0	0	0		}
##
# Helmets
##
		21		26		12629	1		250000		1			0		0				0			0				0			0				0			0				0			0				0	0	0	0	0	0	0	0	0	0	0	0	0	0	0	0	0	0	0	0	0	0	0	0	0	0	0	0	0	0	0		}
		22		27		12640	1		500000		1			0		0				0			0				0			0				0			0				0			0				0	0	0	0	0	0	0	0	0	0	0	0	0	0	0	0	0	0	0	0	0	0	0	0	0	0	0	0	0	0	0		}
		23		28		12660	1		1000000		1			0		0				0			0				0			0				0			0				0			0				0	0	0	0	0	0	0	0	0	0	0	0	0	0	0	0	0	0	0	0	0	0	0	0	0	0	0	0	0	0	0		}
##
# Earrings
##
		24		29		17009	1		250000		1			0		0				0			0				0			0				0			0				0			0				0	0	0	0	0	0	0	0	0	0	0	0	0	0	0	0	0	0	0	0	0	0	0	0	0	0	0	0	0	0	0		}
		25		30		17060	1		500000		1			0		0				0			0				0			0				0			0				0			0				0	0	0	0	0	0	0	0	0	0	0	0	0	0	0	0	0	0	0	0	0	0	0	0	0	0	0	0	0	0	0		}
##
# Shields
##
		26		31		13009	1		250000		1			0		0				0			0				0			0				0			0				0			0				0	0	0	0	0	0	0	0	0	0	0	0	0	0	0	0	0	0	0	0	0	0	0	0	0	0	0	0	0	0	0		}
		27		32		13020	1		500000		1			0		0				0			0				0			0				0			0				0			0				0	0	0	0	0	0	0	0	0	0	0	0	0	0	0	0	0	0	0	0	0	0	0	0	0	0	0	0	0	0	0		}
	}
}
Group WPWarrior
{
	Vnum	114
	Name	I
	Sort	Original
	Group Items
	{
		#--#	index	vnum	count	price	price_type	price_vnum0	price_count0	price_vnum1	price_count1	price_vnum2	price_count2	price_vnum3	price_count3	price_vnum4	price_count4	socket0 socket1 socket2 socket3 socket4 socket5 attr_type0 attr_value0 attr_type1 attr_value1 attr_type2 attr_value2 attr_type3 attr_value3 attr_type4 attr_value4 attr_type5 attr_value5 attr_type6 attr_value6	
##
# Swords two hands
##
		1		1		3009	1		250000		1			0		0				0			0				0			0				0			0				0			0				0	0	0	0	0	0	0	0	0	0	0	0	0	0	0	0	0	0	0	0	0	0	0	0	0	0	0	0	0	0	0		}
		2		2		3019	1		500000		1			0		0				0			0				0			0				0			0				0			0				0	0	0	0	0	0	0	0	0	0	0	0	0	0	0	0	0	0	0	0	0	0	0	0	0	0	0	0	0	0	0		}
		3		3		3029	1		750000		1			0		0				0			0				0			0				0			0				0			0				0	0	0	0	0	0	0	0	0	0	0	0	0	0	0	0	0	0	0	0	0	0	0	0	0	0	0	0	0	0	0		}
		4		4		3039	1		1000000		1			0		0				0			0				0			0				0			0				0			0				0	0	0	0	0	0	0	0	0	0	0	0	0	0	0	0	0	0	0	0	0	0	0	0	0	0	0	0	0	0	0		}
		5		5		3049	1		1250000		1			0		0				0			0				0			0				0			0				0			0				0	0	0	0	0	0	0	0	0	0	0	0	0	0	0	0	0	0	0	0	0	0	0	0	0	0	0	0	0	0	0		}
##
# Swords
##
		6		16		19	1		250000		1			0		0				0			0				0			0				0			0				0			0				0	0	0	0	0	0	0	0	0	0	0	0	0	0	0	0	0	0	0	0	0	0	0	0	0	0	0	0	0	0	0		}
		7		17		29	1		500000		1			0		0				0			0				0			0				0			0				0			0				0	0	0	0	0	0	0	0	0	0	0	0	0	0	0	0	0	0	0	0	0	0	0	0	0	0	0	0	0	0	0		}
		8		18		39	1		750000		1			0		0				0			0				0			0				0			0				0			0				0	0	0	0	0	0	0	0	0	0	0	0	0	0	0	0	0	0	0	0	0	0	0	0	0	0	0	0	0	0	0		}
		9		19		49	1		1000000		1			0		0				0			0				0			0				0			0				0			0				0	0	0	0	0	0	0	0	0	0	0	0	0	0	0	0	0	0	0	0	0	0	0	0	0	0	0	0	0	0	0		}
		10		20		59	1		1250000		1			0		0				0			0				0			0				0			0				0			0				0	0	0	0	0	0	0	0	0	0	0	0	0	0	0	0	0	0	0	0	0	0	0	0	0	0	0	0	0	0	0		}
##
	}
}
Group WPSura
{
	Vnum	115
	Name	II
	Sort	Original
	Group Items
	{
		#--#	index	vnum	count	price	price_type	price_vnum0	price_count0	price_vnum1	price_count1	price_vnum2	price_count2	price_vnum3	price_count3	price_vnum4	price_count4	socket0 socket1 socket2 socket3 socket4 socket5 attr_type0 attr_value0 attr_type1 attr_value1 attr_type2 attr_value2 attr_type3 attr_value3 attr_type4 attr_value4 attr_type5 attr_value5 attr_type6 attr_value6	
##
# Swords
##
		1		1		19	1		250000		1			0		0				0			0				0			0				0			0				0			0				0	0	0	0	0	0	0	0	0	0	0	0	0	0	0	0	0	0	0	0	0	0	0	0	0	0	0	0	0	0	0		}
		2		2		29	1		500000		1			0		0				0			0				0			0				0			0				0			0				0	0	0	0	0	0	0	0	0	0	0	0	0	0	0	0	0	0	0	0	0	0	0	0	0	0	0	0	0	0	0		}
		3		3		39	1		750000		1			0		0				0			0				0			0				0			0				0			0				0	0	0	0	0	0	0	0	0	0	0	0	0	0	0	0	0	0	0	0	0	0	0	0	0	0	0	0	0	0	0		}
		4		4		49	1		1000000		1			0		0				0			0				0			0				0			0				0			0				0	0	0	0	0	0	0	0	0	0	0	0	0	0	0	0	0	0	0	0	0	0	0	0	0	0	0	0	0	0	0		}
		5		5		59	1		1250000		1			0		0				0			0				0			0				0			0				0			0				0	0	0	0	0	0	0	0	0	0	0	0	0	0	0	0	0	0	0	0	0	0	0	0	0	0	0	0	0	0	0		}
##
	}
}
Group WPNinja
{
	Vnum	116
	Name	III
	Sort	Original
	Group Items
	{
		#--#	index	vnum	count	price	price_type	price_vnum0	price_count0	price_vnum1	price_count1	price_vnum2	price_count2	price_vnum3	price_count3	price_vnum4	price_count4	socket0 socket1 socket2 socket3 socket4 socket5 attr_type0 attr_value0 attr_type1 attr_value1 attr_type2 attr_value2 attr_type3 attr_value3 attr_type4 attr_value4 attr_type5 attr_value5 attr_type6 attr_value6	
##
# Bows
##
		1		1		2009	1		250000		1			0		0				0			0				0			0				0			0				0			0				0	0	0	0	0	0	0	0	0	0	0	0	0	0	0	0	0	0	0	0	0	0	0	0	0	0	0	0	0	0	0		}
		2		2		2019	1		500000		1			0		0				0			0				0			0				0			0				0			0				0	0	0	0	0	0	0	0	0	0	0	0	0	0	0	0	0	0	0	0	0	0	0	0	0	0	0	0	0	0	0		}
		3		3		2029	1		750000		1			0		0				0			0				0			0				0			0				0			0				0	0	0	0	0	0	0	0	0	0	0	0	0	0	0	0	0	0	0	0	0	0	0	0	0	0	0	0	0	0	0		}
		4		4		2039	1		1000000		1			0		0				0			0				0			0				0			0				0			0				0	0	0	0	0	0	0	0	0	0	0	0	0	0	0	0	0	0	0	0	0	0	0	0	0	0	0	0	0	0	0		}
		5		5		2049	1		1250000		1			0		0				0			0				0			0				0			0				0			0				0	0	0	0	0	0	0	0	0	0	0	0	0	0	0	0	0	0	0	0	0	0	0	0	0	0	0	0	0	0	0		}
##
# Daggers
##
		6		11		1009	1		250000		1			0		0				0			0				0			0				0			0				0			0				0	0	0	0	0	0	0	0	0	0	0	0	0	0	0	0	0	0	0	0	0	0	0	0	0	0	0	0	0	0	0		}
		7		12		4009	1		500000		1			0		0				0			0				0			0				0			0				0			0				0	0	0	0	0	0	0	0	0	0	0	0	0	0	0	0	0	0	0	0	0	0	0	0	0	0	0	0	0	0	0		}
		8		13		1019	1		750000		1			0		0				0			0				0			0				0			0				0			0				0	0	0	0	0	0	0	0	0	0	0	0	0	0	0	0	0	0	0	0	0	0	0	0	0	0	0	0	0	0	0		}
		9		14		4019	1		1000000		1			0		0				0			0				0			0				0			0				0			0				0	0	0	0	0	0	0	0	0	0	0	0	0	0	0	0	0	0	0	0	0	0	0	0	0	0	0	0	0	0	0		}
		10		15		1029	1		1250000		1			0		0				0			0				0			0				0			0				0			0				0	0	0	0	0	0	0	0	0	0	0	0	0	0	0	0	0	0	0	0	0	0	0	0	0	0	0	0	0	0	0		}
##
##
# Quivers
##
		11		16		79501	1		100000		1			0		0				0			0				0			0				0			0				0			0				0	0	0	0	0	0	0	0	0	0	0	0	0	0	0	0	0	0	0	0	0	0	0	0	0	0	0	0	0	0	0		}
		12		17		79502	1		550000		1			0		0				0			0				0			0				0			0				0			0				0	0	0	0	0	0	0	0	0	0	0	0	0	0	0	0	0	0	0	0	0	0	0	0	0	0	0	0	0	0	0		}
##
	}
}
Group WPShamane
{
	Vnum	117
	Name	IV
	Sort	Original
	Group Items
	{
		#--#	index	vnum	count	price	price_type	price_vnum0	price_count0	price_vnum1	price_count1	price_vnum2	price_count2	price_vnum3	price_count3	price_vnum4	price_count4	socket0 socket1 socket2 socket3 socket4 socket5 attr_type0 attr_value0 attr_type1 attr_value1 attr_type2 attr_value2 attr_type3 attr_value3 attr_type4 attr_value4 attr_type5 attr_value5 attr_type6 attr_value6	
##
# Fans
##
		1		1		7009	1		250000		1			0		0				0			0				0			0				0			0				0			0				0	0	0	0	0	0	0	0	0	0	0	0	0	0	0	0	0	0	0	0	0	0	0	0	0	0	0	0	0	0	0		}
		2		2		7019	1		500000		1			0		0				0			0				0			0				0			0				0			0				0	0	0	0	0	0	0	0	0	0	0	0	0	0	0	0	0	0	0	0	0	0	0	0	0	0	0	0	0	0	0		}
		3		3		7029	1		750000		1			0		0				0			0				0			0				0			0				0			0				0	0	0	0	0	0	0	0	0	0	0	0	0	0	0	0	0	0	0	0	0	0	0	0	0	0	0	0	0	0	0		}
		4		4		7039	1		1000000		1			0		0				0			0				0			0				0			0				0			0				0	0	0	0	0	0	0	0	0	0	0	0	0	0	0	0	0	0	0	0	0	0	0	0	0	0	0	0	0	0	0		}
		5		5		7049	1		1250000		1			0		0				0			0				0			0				0			0				0			0				0	0	0	0	0	0	0	0	0	0	0	0	0	0	0	0	0	0	0	0	0	0	0	0	0	0	0	0	0	0	0		}
##
# Bells
##
		6		11		5009	1		250000		1			0		0				0			0				0			0				0			0				0			0				0	0	0	0	0	0	0	0	0	0	0	0	0	0	0	0	0	0	0	0	0	0	0	0	0	0	0	0	0	0	0		}
		7		12		5019	1		500000		1			0		0				0			0				0			0				0			0				0			0				0	0	0	0	0	0	0	0	0	0	0	0	0	0	0	0	0	0	0	0	0	0	0	0	0	0	0	0	0	0	0		}
		8		13		5029	1		750000		1			0		0				0			0				0			0				0			0				0			0				0	0	0	0	0	0	0	0	0	0	0	0	0	0	0	0	0	0	0	0	0	0	0	0	0	0	0	0	0	0	0		}
##
	}
}
Group DragonSoul
{
	Vnum	118
	Name	I
	Sort	Original
	Group Items
	{
		#--#	index	vnum	count	price	price_type	price_vnum0	price_count0	price_vnum1	price_count1	price_vnum2	price_count2	price_vnum3	price_count3	price_vnum4	price_count4	socket0 socket1 socket2 socket3 socket4 socket5 attr_type0 attr_value0 attr_type1 attr_value1 attr_type2 attr_value2 attr_type3 attr_value3 attr_type4 attr_value4 attr_type5 attr_value5 attr_type6 attr_value6	
		1		1		100200	1		250000		1			0		0				0			0				0			0				0			0				0			0				0	0	0	0	0	0	0	0	0	0	0	0	0	0	0	0	0	0	0	0	0	0	0	0	0	0	0	0	0	0	0		}
		2		2		100000	1		500000		1			0		0				0			0				0			0				0			0				0			0				0	0	0	0	0	0	0	0	0	0	0	0	0	0	0	0	0	0	0	0	0	0	0	0	0	0	0	0	0	0	0		}
	}
}
